0 11 1 1 0
1 12 1 1 0
2 10 1 1 0
3 1 1 1 0
4 21 1 1 0
5 671 1 1 0
0 12 1 2 5
1 13 1 2 0
2 11 1 2 8
3 2 1 2 0
4 22 1 2 0
5 672 1 2 0
0 13 1 3 5
1 14 1 3 0
2 12 1 3 8
3 3 1 3 0
4 23 1 3 0
5 673 1 3 0
0 14 1 4 5
1 15 1 4 0
2 13 1 4 8
3 4 1 4 0
4 24 1 4 0
5 674 1 4 0
0 15 1 5 5
1 16 1 5 0
2 14 1 5 8
3 5 1 5 0
4 25 1 5 0
5 675 1 5 0
0 16 1 6 5
1 17 1 6 0
2 15 1 6 8
3 6 1 6 0
4 26 1 6 0
5 676 1 6 0
0 17 1 7 5
1 18 1 7 0
2 16 1 7 8
3 7 1 7 0
4 27 1 7 0
5 677 1 7 0
0 18 1 8 5
1 19 1 8 0
2 17 1 8 8
3 8 1 8 0
4 28 1 8 0
5 678 1 8 0
0 19 1 9 5
1 20 1 9 0
2 18 1 9 8
3 9 1 9 0
4 29 1 9 0
5 679 1 9 0
0 20 1 10 5
1 21 1 10 51
2 19 1 10 8
3 10 1 10 55
4 30 1 10 0
5 680 1 10 0
0 21 1 11 5
1 22 1 11 51
2 20 1 11 8
3 11 1 11 55
4 31 1 11 0
5 681 1 11 0
0 22 1 12 5
1 23 1 12 51
2 21 1 12 8
3 12 1 12 55
4 32 1 12 0
5 682 1 12 0
0 23 1 13 5
1 24 1 13 51
2 22 1 13 8
3 13 1 13 55
4 33 1 13 0
5 683 1 13 0
0 24 1 14 5
1 25 1 14 51
2 23 1 14 8
3 14 1 14 55
4 34 1 14 0
5 684 1 14 0
0 25 1 15 5
1 26 1 15 51
2 24 1 15 8
3 15 1 15 55
4 35 1 15 0
5 685 1 15 0
0 26 1 16 5
1 27 1 16 51
2 25 1 16 8
3 16 1 16 55
4 36 1 16 0
5 686 1 16 0
0 27 1 17 5
1 28 1 17 51
2 26 1 17 8
3 17 1 17 55
4 37 1 17 0
5 687 1 17 0
0 28 1 18 5
1 29 1 18 51
2 27 1 18 8
3 18 1 18 55
4 38 1 18 0
5 688 1 18 0
0 29 1 19 5
1 30 1 19 51
2 28 1 19 8
3 19 1 19 55
4 39 1 19 0
5 689 1 19 0
0 30 1 20 5
1 31 1 20 51
2 29 1 20 8
3 20 1 20 55
4 40 1 20 0
5 690 1 20 0
0 31 1 21 5
1 32 1 21 51
2 30 1 21 8
3 21 1 21 55
4 41 1 21 0
5 691 1 21 0
0 32 1 22 5
1 33 1 22 51
2 31 1 22 8
3 22 1 22 55
4 42 1 22 0
5 692 1 22 0
0 33 1 23 5
1 34 1 23 51
2 32 1 23 8
3 23 1 23 55
4 43 1 23 0
5 693 1 23 0
0 34 1 24 5
1 35 1 24 51
2 33 1 24 8
3 24 1 24 55
4 44 1 24 0
5 694 1 24 0
0 35 1 25 5
1 36 1 25 51
2 34 1 25 8
3 25 1 25 55
4 45 1 25 0
5 695 1 25 0
0 36 1 26 5
1 37 1 26 51
2 35 1 26 8
3 26 1 26 55
4 46 1 26 0
5 696 1 26 0
0 37 1 27 5
1 38 1 27 51
2 36 1 27 8
3 27 1 27 55
4 47 1 27 0
5 697 1 27 0
0 38 1 28 5
1 39 1 28 51
2 37 1 28 8
3 28 1 28 55
4 48 1 28 0
5 698 1 28 0
0 39 1 29 5
1 40 1 29 51
2 38 1 29 8
3 29 1 29 55
4 49 1 29 0
5 699 1 29 0
0 40 1 30 5
1 41 1 30 51
2 39 1 30 8
3 30 1 30 55
4 50 1 30 0
5 700 1 30 0
0 41 1 31 5
1 42 1 31 51
2 40 1 31 8
3 31 1 31 55
4 51 1 31 0
5 701 1 31 0
0 42 1 32 5
1 43 1 32 51
2 41 1 32 8
3 32 1 32 55
4 52 1 32 0
5 702 1 32 0
0 43 1 33 5
1 44 1 33 51
2 42 1 33 8
3 33 1 33 55
4 53 1 33 0
5 703 1 33 0
0 44 1 34 5
1 45 1 34 51
2 43 1 34 8
3 34 1 34 55
4 54 1 34 0
5 704 1 34 0
0 45 1 35 5
1 46 1 35 51
2 44 1 35 8
3 35 1 35 55
4 55 1 35 0
5 705 1 35 0
0 46 1 36 5
1 47 1 36 51
2 45 1 36 8
3 36 1 36 55
4 56 1 36 0
5 706 1 36 0
0 47 1 37 5
1 48 1 37 51
2 46 1 37 8
3 37 1 37 55
4 57 1 37 0
5 707 1 37 0
0 48 1 38 5
1 49 1 38 51
2 47 1 38 8
3 38 1 38 55
4 58 1 38 0
5 708 1 38 0
0 49 1 39 5
1 50 1 39 51
2 48 1 39 8
3 39 1 39 55
4 59 1 39 0
5 709 1 39 0
0 50 1 40 5
1 51 1 40 51
2 49 1 40 8
3 40 1 40 55
4 60 1 40 0
5 710 1 40 0
0 51 1 41 5
1 52 1 41 51
2 50 1 41 8
3 41 1 41 55
4 61 1 41 0
5 711 1 41 0
0 52 1 42 5
1 53 1 42 51
2 51 1 42 8
3 42 1 42 55
4 62 1 42 0
5 712 1 42 0
0 53 1 43 5
1 54 1 43 51
2 52 1 43 8
3 43 1 43 55
4 63 1 43 0
5 713 1 43 0
0 54 1 44 5
1 55 1 44 51
2 53 1 44 8
3 44 1 44 55
4 64 1 44 0
5 714 1 44 0
0 55 1 45 5
1 56 1 45 51
2 54 1 45 8
3 45 1 45 55
4 65 1 45 0
5 715 1 45 0
0 56 1 46 5
1 57 1 46 51
2 55 1 46 8
3 46 1 46 55
4 66 1 46 0
5 716 1 46 0
0 57 1 47 5
1 58 1 47 51
2 56 1 47 8
3 47 1 47 55
4 67 1 47 0
5 717 1 47 0
0 58 1 48 5
1 59 1 48 51
2 57 1 48 8
3 48 1 48 55
4 68 1 48 0
5 718 1 48 0
0 59 1 49 5
1 60 1 49 51
2 58 1 49 8
3 49 1 49 55
4 69 1 49 0
5 719 1 49 0
0 60 1 50 5
1 61 1 50 51
2 59 1 50 8
3 50 1 50 55
4 70 1 50 0
5 720 1 50 0
0 61 1 51 5
1 62 1 51 51
2 60 1 51 8
3 51 1 51 55
4 71 1 51 0
5 721 1 51 0
0 62 1 52 5
1 63 1 52 51
2 61 1 52 8
3 52 1 52 55
4 72 1 52 0
5 722 1 52 0
0 63 1 53 5
1 64 1 53 51
2 62 1 53 8
3 53 1 53 55
4 73 1 53 0
5 723 1 53 0
0 64 1 54 5
1 65 1 54 51
2 63 1 54 8
3 54 1 54 55
4 74 1 54 0
5 724 1 54 0
0 65 1 55 5
1 66 1 55 51
2 64 1 55 8
3 55 1 55 55
4 75 1 55 0
5 725 1 55 0
0 66 1 56 5
1 67 1 56 51
2 65 1 56 8
3 56 1 56 55
4 76 1 56 0
5 726 1 56 0
0 67 1 57 5
1 68 1 57 51
2 66 1 57 8
3 57 1 57 55
4 77 1 57 0
5 727 1 57 0
0 68 1 58 5
1 69 1 58 51
2 67 1 58 8
3 58 1 58 55
4 78 1 58 0
5 728 1 58 0
0 69 1 59 5
1 70 1 59 51
2 68 1 59 8
3 59 1 59 55
4 79 1 59 0
5 729 1 59 0
0 70 1 60 5
1 71 1 60 51
2 69 1 60 8
3 60 1 60 55
4 80 1 60 0
5 730 1 60 0
0 71 1 61 5
1 72 1 61 51
2 70 1 61 8
3 61 1 61 55
4 81 1 61 0
5 731 1 61 0
0 72 1 62 5
1 73 1 62 51
2 71 1 62 8
3 62 1 62 55
4 82 1 62 0
5 732 1 62 0
0 73 1 63 5
1 74 1 63 51
2 72 1 63 8
3 63 1 63 55
4 83 1 63 0
5 733 1 63 0
0 74 1 64 5
1 75 1 64 51
2 73 1 64 8
3 64 1 64 55
4 84 1 64 0
5 734 1 64 0
0 22 2 2 255
1 23 2 2 250
2 21 2 2 263
3 12 2 2 318
4 32 2 2 199
5 682 2 2 318
0 23 2 3 5
1 24 2 3 250
2 22 2 3 8
3 13 2 3 318
4 33 2 3 199
5 683 2 3 318
0 24 2 4 5
1 25 2 4 250
2 23 2 4 8
3 14 2 4 318
4 34 2 4 199
5 684 2 4 318
0 25 2 5 5
1 26 2 5 250
2 24 2 5 8
3 15 2 5 318
4 35 2 5 199
5 685 2 5 318
0 26 2 6 5
1 27 2 6 250
2 25 2 6 8
3 16 2 6 318
4 36 2 6 199
5 686 2 6 318
0 27 2 7 5
1 28 2 7 250
2 26 2 7 8
3 17 2 7 318
4 37 2 7 199
5 687 2 7 318
0 28 2 8 5
1 29 2 8 250
2 27 2 8 8
3 18 2 8 318
4 38 2 8 199
5 688 2 8 318
0 29 2 9 5
1 30 2 9 250
2 28 2 9 8
3 19 2 9 318
4 39 2 9 199
5 689 2 9 318
0 30 2 10 5
1 31 2 10 250
2 29 2 10 8
3 20 2 10 318
4 40 2 10 199
5 690 2 10 318
0 31 2 11 5
1 32 2 11 51
2 30 2 11 8
3 21 2 11 55
4 41 2 11 199
5 691 2 11 318
0 32 2 12 5
1 33 2 12 51
2 31 2 12 8
3 22 2 12 55
4 42 2 12 199
5 692 2 12 318
0 33 2 13 5
1 34 2 13 51
2 32 2 13 8
3 23 2 13 55
4 43 2 13 199
5 693 2 13 318
0 34 2 14 5
1 35 2 14 51
2 33 2 14 8
3 24 2 14 55
4 44 2 14 199
5 694 2 14 318
0 35 2 15 5
1 36 2 15 51
2 34 2 15 8
3 25 2 15 55
4 45 2 15 199
5 695 2 15 318
0 36 2 16 5
1 37 2 16 51
2 35 2 16 8
3 26 2 16 55
4 46 2 16 199
5 696 2 16 318
0 37 2 17 5
1 38 2 17 51
2 36 2 17 8
3 27 2 17 55
4 47 2 17 199
5 697 2 17 318
0 38 2 18 5
1 39 2 18 51
2 37 2 18 8
3 28 2 18 55
4 48 2 18 199
5 698 2 18 318
0 39 2 19 5
1 40 2 19 51
2 38 2 19 8
3 29 2 19 55
4 49 2 19 199
5 699 2 19 318
0 40 2 20 5
1 41 2 20 51
2 39 2 20 8
3 30 2 20 55
4 50 2 20 199
5 700 2 20 318
0 41 2 21 5
1 42 2 21 51
2 40 2 21 8
3 31 2 21 55
4 51 2 21 199
5 701 2 21 318
0 42 2 22 5
1 43 2 22 51
2 41 2 22 8
3 32 2 22 55
4 52 2 22 199
5 702 2 22 318
0 43 2 23 5
1 44 2 23 51
2 42 2 23 8
3 33 2 23 55
4 53 2 23 199
5 703 2 23 318
0 44 2 24 5
1 45 2 24 51
2 43 2 24 8
3 34 2 24 55
4 54 2 24 199
5 704 2 24 318
0 45 2 25 5
1 46 2 25 51
2 44 2 25 8
3 35 2 25 55
4 55 2 25 199
5 705 2 25 318
0 46 2 26 5
1 47 2 26 51
2 45 2 26 8
3 36 2 26 55
4 56 2 26 199
5 706 2 26 318
0 47 2 27 5
1 48 2 27 51
2 46 2 27 8
3 37 2 27 55
4 57 2 27 199
5 707 2 27 318
0 48 2 28 5
1 49 2 28 51
2 47 2 28 8
3 38 2 28 55
4 58 2 28 199
5 708 2 28 318
0 49 2 29 5
1 50 2 29 51
2 48 2 29 8
3 39 2 29 55
4 59 2 29 199
5 709 2 29 318
0 50 2 30 5
1 51 2 30 51
2 49 2 30 8
3 40 2 30 55
4 60 2 30 199
5 710 2 30 318
0 51 2 31 5
1 52 2 31 51
2 50 2 31 8
3 41 2 31 55
4 61 2 31 199
5 711 2 31 318
0 52 2 32 5
1 53 2 32 51
2 51 2 32 8
3 42 2 32 55
4 62 2 32 199
5 712 2 32 318
0 53 2 33 5
1 54 2 33 51
2 52 2 33 8
3 43 2 33 55
4 63 2 33 199
5 713 2 33 318
0 54 2 34 5
1 55 2 34 51
2 53 2 34 8
3 44 2 34 55
4 64 2 34 199
5 714 2 34 318
0 55 2 35 5
1 56 2 35 51
2 54 2 35 8
3 45 2 35 55
4 65 2 35 254
5 715 2 35 318
0 56 2 36 5
1 57 2 36 51
2 55 2 36 8
3 46 2 36 55
4 66 2 36 254
5 716 2 36 318
0 57 2 37 5
1 58 2 37 51
2 56 2 37 8
3 47 2 37 55
4 67 2 37 254
5 717 2 37 318
0 58 2 38 5
1 59 2 38 51
2 57 2 38 8
3 48 2 38 55
4 68 2 38 254
5 718 2 38 318
0 59 2 39 5
1 60 2 39 51
2 58 2 39 8
3 49 2 39 55
4 69 2 39 254
5 719 2 39 318
0 60 2 40 5
1 61 2 40 51
2 59 2 40 8
3 50 2 40 55
4 70 2 40 254
5 720 2 40 318
0 61 2 41 5
1 62 2 41 51
2 60 2 41 8
3 51 2 41 55
4 71 2 41 254
5 721 2 41 318
0 62 2 42 5
1 63 2 42 51
2 61 2 42 8
3 52 2 42 55
4 72 2 42 254
5 722 2 42 318
0 63 2 43 5
1 64 2 43 51
2 62 2 43 8
3 53 2 43 55
4 73 2 43 254
5 723 2 43 318
0 64 2 44 5
1 65 2 44 51
2 63 2 44 8
3 54 2 44 55
4 74 2 44 262
5 724 2 44 318
0 65 2 45 5
1 66 2 45 51
2 64 2 45 8
3 55 2 45 55
4 75 2 45 267
5 725 2 45 318
0 66 2 46 5
1 67 2 46 51
2 65 2 46 8
3 56 2 46 55
4 76 2 46 318
5 726 2 46 318
0 67 2 47 5
1 68 2 47 51
2 66 2 47 8
3 57 2 47 55
4 77 2 47 318
5 727 2 47 318
0 68 2 48 5
1 69 2 48 51
2 67 2 48 8
3 58 2 48 55
4 78 2 48 318
5 728 2 48 318
0 69 2 49 5
1 70 2 49 51
2 68 2 49 8
3 59 2 49 55
4 79 2 49 318
5 729 2 49 318
0 70 2 50 5
1 71 2 50 51
2 69 2 50 8
3 60 2 50 55
4 80 2 50 318
5 730 2 50 318
0 71 2 51 5
1 72 2 51 51
2 70 2 51 8
3 61 2 51 55
4 81 2 51 318
5 731 2 51 318
0 72 2 52 5
1 73 2 52 51
2 71 2 52 8
3 62 2 52 55
4 82 2 52 318
5 732 2 52 318
0 73 2 53 5
1 74 2 53 51
2 72 2 53 8
3 63 2 53 55
4 83 2 53 318
5 733 2 53 318
0 74 2 54 5
1 75 2 54 51
2 73 2 54 8
3 64 2 54 55
4 84 2 54 318
5 734 2 54 318
0 75 2 55 5
1 76 2 55 51
2 74 2 55 8
3 65 2 55 55
4 85 2 55 0
5 735 2 55 0
0 76 2 56 5
1 77 2 56 51
2 75 2 56 8
3 66 2 56 55
4 86 2 56 0
5 736 2 56 0
0 77 2 57 5
1 78 2 57 51
2 76 2 57 8
3 67 2 57 55
4 87 2 57 0
5 737 2 57 0
0 78 2 58 5
1 79 2 58 51
2 77 2 58 8
3 68 2 58 55
4 88 2 58 0
5 738 2 58 0
0 79 2 59 5
1 80 2 59 51
2 78 2 59 8
3 69 2 59 55
4 89 2 59 0
5 739 2 59 0
0 80 2 60 5
1 81 2 60 51
2 79 2 60 8
3 70 2 60 55
4 90 2 60 0
5 740 2 60 0
0 81 2 61 5
1 82 2 61 51
2 80 2 61 8
3 71 2 61 55
4 91 2 61 0
5 741 2 61 0
0 82 2 62 5
1 83 2 62 51
2 81 2 62 8
3 72 2 62 55
4 92 2 62 0
5 742 2 62 0
0 83 2 63 5
1 84 2 63 51
2 82 2 63 8
3 73 2 63 55
4 93 2 63 0
5 743 2 63 0
0 84 2 64 5
1 85 2 64 51
2 83 2 64 8
3 74 2 64 55
4 94 2 64 0
5 744 2 64 0
0 33 3 3 249
1 34 3 3 244
2 32 3 3 257
3 23 3 3 312
4 43 3 3 193
5 693 3 3 312
0 34 3 4 5
1 35 3 4 244
2 33 3 4 8
3 24 3 4 312
4 44 3 4 193
5 694 3 4 312
0 35 3 5 5
1 36 3 5 244
2 34 3 5 8
3 25 3 5 312
4 45 3 5 193
5 695 3 5 312
0 36 3 6 5
1 37 3 6 244
2 35 3 6 8
3 26 3 6 312
4 46 3 6 193
5 696 3 6 312
0 37 3 7 5
1 38 3 7 244
2 36 3 7 8
3 27 3 7 312
4 47 3 7 193
5 697 3 7 312
0 38 3 8 5
1 39 3 8 244
2 37 3 8 8
3 28 3 8 312
4 48 3 8 193
5 698 3 8 312
0 39 3 9 5
1 40 3 9 244
2 38 3 9 8
3 29 3 9 312
4 49 3 9 193
5 699 3 9 312
0 40 3 10 5
1 41 3 10 244
2 39 3 10 8
3 30 3 10 312
4 50 3 10 193
5 700 3 10 312
0 41 3 11 5
1 42 3 11 244
2 40 3 11 8
3 31 3 11 312
4 51 3 11 193
5 701 3 11 312
0 42 3 12 5
1 43 3 12 51
2 41 3 12 8
3 32 3 12 55
4 52 3 12 193
5 702 3 12 312
0 43 3 13 5
1 44 3 13 51
2 42 3 13 8
3 33 3 13 55
4 53 3 13 193
5 703 3 13 312
0 44 3 14 5
1 45 3 14 51
2 43 3 14 8
3 34 3 14 55
4 54 3 14 193
5 704 3 14 312
0 45 3 15 5
1 46 3 15 51
2 44 3 15 8
3 35 3 15 55
4 55 3 15 193
5 705 3 15 312
0 46 3 16 5
1 47 3 16 51
2 45 3 16 8
3 36 3 16 55
4 56 3 16 193
5 706 3 16 312
0 47 3 17 5
1 48 3 17 51
2 46 3 17 8
3 37 3 17 55
4 57 3 17 193
5 707 3 17 312
0 48 3 18 5
1 49 3 18 51
2 47 3 18 8
3 38 3 18 55
4 58 3 18 193
5 708 3 18 312
0 49 3 19 5
1 50 3 19 51
2 48 3 19 8
3 39 3 19 55
4 59 3 19 193
5 709 3 19 312
0 50 3 20 5
1 51 3 20 51
2 49 3 20 8
3 40 3 20 55
4 60 3 20 193
5 710 3 20 312
0 51 3 21 5
1 52 3 21 51
2 50 3 21 8
3 41 3 21 55
4 61 3 21 193
5 711 3 21 312
0 52 3 22 5
1 53 3 22 51
2 51 3 22 8
3 42 3 22 55
4 62 3 22 193
5 712 3 22 312
0 53 3 23 5
1 54 3 23 51
2 52 3 23 8
3 43 3 23 55
4 63 3 23 193
5 713 3 23 312
0 54 3 24 5
1 55 3 24 51
2 53 3 24 8
3 44 3 24 55
4 64 3 24 193
5 714 3 24 312
0 55 3 25 5
1 56 3 25 51
2 54 3 25 8
3 45 3 25 55
4 65 3 25 193
5 715 3 25 312
0 56 3 26 5
1 57 3 26 51
2 55 3 26 8
3 46 3 26 55
4 66 3 26 193
5 716 3 26 312
0 57 3 27 5
1 58 3 27 51
2 56 3 27 8
3 47 3 27 55
4 67 3 27 193
5 717 3 27 312
0 58 3 28 5
1 59 3 28 51
2 57 3 28 8
3 48 3 28 55
4 68 3 28 193
5 718 3 28 312
0 59 3 29 5
1 60 3 29 51
2 58 3 29 8
3 49 3 29 55
4 69 3 29 193
5 719 3 29 312
0 60 3 30 5
1 61 3 30 51
2 59 3 30 8
3 50 3 30 55
4 70 3 30 193
5 720 3 30 312
0 61 3 31 5
1 62 3 31 51
2 60 3 31 8
3 51 3 31 55
4 71 3 31 193
5 721 3 31 312
0 62 3 32 5
1 63 3 32 51
2 61 3 32 8
3 52 3 32 55
4 72 3 32 193
5 722 3 32 312
0 63 3 33 5
1 64 3 33 51
2 62 3 33 8
3 53 3 33 55
4 73 3 33 193
5 723 3 33 312
0 64 3 34 5
1 65 3 34 51
2 63 3 34 8
3 54 3 34 55
4 74 3 34 193
5 724 3 34 312
0 65 3 35 5
1 66 3 35 51
2 64 3 35 8
3 55 3 35 55
4 75 3 35 248
5 725 3 35 312
0 66 3 36 5
1 67 3 36 51
2 65 3 36 8
3 56 3 36 55
4 76 3 36 248
5 726 3 36 312
0 67 3 37 5
1 68 3 37 51
2 66 3 37 8
3 57 3 37 55
4 77 3 37 248
5 727 3 37 312
0 68 3 38 5
1 69 3 38 51
2 67 3 38 8
3 58 3 38 55
4 78 3 38 248
5 728 3 38 312
0 69 3 39 5
1 70 3 39 51
2 68 3 39 8
3 59 3 39 55
4 79 3 39 248
5 729 3 39 312
0 70 3 40 5
1 71 3 40 51
2 69 3 40 8
3 60 3 40 55
4 80 3 40 248
5 730 3 40 312
0 71 3 41 5
1 72 3 41 51
2 70 3 41 8
3 61 3 41 55
4 81 3 41 248
5 731 3 41 312
0 72 3 42 5
1 73 3 42 51
2 71 3 42 8
3 62 3 42 55
4 82 3 42 248
5 732 3 42 312
0 73 3 43 5
1 74 3 43 51
2 72 3 43 8
3 63 3 43 55
4 83 3 43 248
5 733 3 43 312
0 74 3 44 5
1 75 3 44 51
2 73 3 44 8
3 64 3 44 55
4 84 3 44 256
5 734 3 44 312
0 75 3 45 5
1 76 3 45 51
2 74 3 45 8
3 65 3 45 55
4 85 3 45 261
5 735 3 45 312
0 76 3 46 5
1 77 3 46 51
2 75 3 46 8
3 66 3 46 55
4 86 3 46 312
5 736 3 46 312
0 77 3 47 5
1 78 3 47 51
2 76 3 47 8
3 67 3 47 55
4 87 3 47 312
5 737 3 47 312
0 78 3 48 5
1 79 3 48 51
2 77 3 48 8
3 68 3 48 55
4 88 3 48 312
5 738 3 48 312
0 79 3 49 5
1 80 3 49 51
2 78 3 49 8
3 69 3 49 55
4 89 3 49 312
5 739 3 49 312
0 80 3 50 5
1 81 3 50 51
2 79 3 50 8
3 70 3 50 55
4 90 3 50 312
5 740 3 50 312
0 81 3 51 5
1 82 3 51 51
2 80 3 51 8
3 71 3 51 55
4 91 3 51 312
5 741 3 51 312
0 82 3 52 5
1 83 3 52 51
2 81 3 52 8
3 72 3 52 55
4 92 3 52 312
5 742 3 52 312
0 83 3 53 5
1 84 3 53 51
2 82 3 53 8
3 73 3 53 55
4 93 3 53 312
5 743 3 53 312
0 84 3 54 5
1 85 3 54 51
2 83 3 54 8
3 74 3 54 55
4 94 3 54 312
5 744 3 54 312
0 85 3 55 5
1 86 3 55 51
2 84 3 55 8
3 75 3 55 55
4 95 3 55 0
5 745 3 55 0
0 86 3 56 5
1 87 3 56 51
2 85 3 56 8
3 76 3 56 55
4 96 3 56 0
5 746 3 56 0
0 87 3 57 5
1 88 3 57 51
2 86 3 57 8
3 77 3 57 55
4 97 3 57 0
5 747 3 57 0
0 88 3 58 5
1 89 3 58 51
2 87 3 58 8
3 78 3 58 55
4 98 3 58 0
5 748 3 58 0
0 89 3 59 5
1 90 3 59 51
2 88 3 59 8
3 79 3 59 55
4 99 3 59 0
5 749 3 59 0
0 90 3 60 5
1 91 3 60 51
2 89 3 60 8
3 80 3 60 55
4 100 3 60 0
5 750 3 60 0
0 91 3 61 5
1 92 3 61 51
2 90 3 61 8
3 81 3 61 55
4 101 3 61 0
5 751 3 61 0
0 92 3 62 5
1 93 3 62 51
2 91 3 62 8
3 82 3 62 55
4 102 3 62 0
5 752 3 62 0
0 93 3 63 5
1 94 3 63 51
2 92 3 63 8
3 83 3 63 55
4 103 3 63 0
5 753 3 63 0
0 94 3 64 5
1 95 3 64 51
2 93 3 64 8
3 84 3 64 55
4 104 3 64 0
5 754 3 64 0
0 44 4 4 243
1 45 4 4 238
2 43 4 4 251
3 34 4 4 306
4 54 4 4 187
5 704 4 4 306
0 45 4 5 5
1 46 4 5 238
2 44 4 5 8
3 35 4 5 306
4 55 4 5 187
5 705 4 5 306
0 46 4 6 5
1 47 4 6 238
2 45 4 6 8
3 36 4 6 306
4 56 4 6 187
5 706 4 6 306
0 47 4 7 5
1 48 4 7 238
2 46 4 7 8
3 37 4 7 306
4 57 4 7 187
5 707 4 7 306
0 48 4 8 5
1 49 4 8 238
2 47 4 8 8
3 38 4 8 306
4 58 4 8 187
5 708 4 8 306
0 49 4 9 5
1 50 4 9 238
2 48 4 9 8
3 39 4 9 306
4 59 4 9 187
5 709 4 9 306
0 50 4 10 5
1 51 4 10 238
2 49 4 10 8
3 40 4 10 306
4 60 4 10 187
5 710 4 10 306
0 51 4 11 5
1 52 4 11 238
2 50 4 11 8
3 41 4 11 306
4 61 4 11 187
5 711 4 11 306
0 52 4 12 5
1 53 4 12 238
2 51 4 12 8
3 42 4 12 306
4 62 4 12 187
5 712 4 12 306
0 53 4 13 5
1 54 4 13 51
2 52 4 13 8
3 43 4 13 55
4 63 4 13 187
5 713 4 13 306
0 54 4 14 5
1 55 4 14 51
2 53 4 14 8
3 44 4 14 55
4 64 4 14 187
5 714 4 14 306
0 55 4 15 5
1 56 4 15 51
2 54 4 15 8
3 45 4 15 55
4 65 4 15 187
5 715 4 15 306
0 56 4 16 5
1 57 4 16 51
2 55 4 16 8
3 46 4 16 55
4 66 4 16 187
5 716 4 16 306
0 57 4 17 5
1 58 4 17 51
2 56 4 17 8
3 47 4 17 55
4 67 4 17 187
5 717 4 17 306
0 58 4 18 5
1 59 4 18 51
2 57 4 18 8
3 48 4 18 55
4 68 4 18 187
5 718 4 18 306
0 59 4 19 5
1 60 4 19 51
2 58 4 19 8
3 49 4 19 55
4 69 4 19 187
5 719 4 19 306
0 60 4 20 5
1 61 4 20 51
2 59 4 20 8
3 50 4 20 55
4 70 4 20 187
5 720 4 20 306
0 61 4 21 5
1 62 4 21 51
2 60 4 21 8
3 51 4 21 55
4 71 4 21 187
5 721 4 21 306
0 62 4 22 5
1 63 4 22 51
2 61 4 22 8
3 52 4 22 55
4 72 4 22 187
5 722 4 22 306
0 63 4 23 5
1 64 4 23 51
2 62 4 23 8
3 53 4 23 55
4 73 4 23 187
5 723 4 23 306
0 64 4 24 5
1 65 4 24 51
2 63 4 24 8
3 54 4 24 55
4 74 4 24 187
5 724 4 24 306
0 65 4 25 5
1 66 4 25 51
2 64 4 25 8
3 55 4 25 55
4 75 4 25 187
5 725 4 25 306
0 66 4 26 5
1 67 4 26 51
2 65 4 26 8
3 56 4 26 55
4 76 4 26 187
5 726 4 26 306
0 67 4 27 5
1 68 4 27 51
2 66 4 27 8
3 57 4 27 55
4 77 4 27 187
5 727 4 27 306
0 68 4 28 5
1 69 4 28 51
2 67 4 28 8
3 58 4 28 55
4 78 4 28 187
5 728 4 28 306
0 69 4 29 5
1 70 4 29 51
2 68 4 29 8
3 59 4 29 55
4 79 4 29 187
5 729 4 29 306
0 70 4 30 5
1 71 4 30 51
2 69 4 30 8
3 60 4 30 55
4 80 4 30 187
5 730 4 30 306
0 71 4 31 5
1 72 4 31 51
2 70 4 31 8
3 61 4 31 55
4 81 4 31 187
5 731 4 31 306
0 72 4 32 5
1 73 4 32 51
2 71 4 32 8
3 62 4 32 55
4 82 4 32 187
5 732 4 32 306
0 73 4 33 5
1 74 4 33 51
2 72 4 33 8
3 63 4 33 55
4 83 4 33 187
5 733 4 33 306
0 74 4 34 5
1 75 4 34 51
2 73 4 34 8
3 64 4 34 55
4 84 4 34 187
5 734 4 34 306
0 75 4 35 5
1 76 4 35 51
2 74 4 35 8
3 65 4 35 55
4 85 4 35 242
5 735 4 35 306
0 76 4 36 5
1 77 4 36 51
2 75 4 36 8
3 66 4 36 55
4 86 4 36 242
5 736 4 36 306
0 77 4 37 5
1 78 4 37 51
2 76 4 37 8
3 67 4 37 55
4 87 4 37 242
5 737 4 37 306
0 78 4 38 5
1 79 4 38 51
2 77 4 38 8
3 68 4 38 55
4 88 4 38 242
5 738 4 38 306
0 79 4 39 5
1 80 4 39 51
2 78 4 39 8
3 69 4 39 55
4 89 4 39 242
5 739 4 39 306
0 80 4 40 5
1 81 4 40 51
2 79 4 40 8
3 70 4 40 55
4 90 4 40 242
5 740 4 40 306
0 81 4 41 5
1 82 4 41 51
2 80 4 41 8
3 71 4 41 55
4 91 4 41 242
5 741 4 41 306
0 82 4 42 5
1 83 4 42 51
2 81 4 42 8
3 72 4 42 55
4 92 4 42 242
5 742 4 42 306
0 83 4 43 5
1 84 4 43 51
2 82 4 43 8
3 73 4 43 55
4 93 4 43 242
5 743 4 43 306
0 84 4 44 5
1 85 4 44 51
2 83 4 44 8
3 74 4 44 55
4 94 4 44 250
5 744 4 44 306
0 85 4 45 5
1 86 4 45 51
2 84 4 45 8
3 75 4 45 55
4 95 4 45 255
5 745 4 45 306
0 86 4 46 5
1 87 4 46 51
2 85 4 46 8
3 76 4 46 55
4 96 4 46 306
5 746 4 46 306
0 87 4 47 5
1 88 4 47 51
2 86 4 47 8
3 77 4 47 55
4 97 4 47 306
5 747 4 47 306
0 88 4 48 5
1 89 4 48 51
2 87 4 48 8
3 78 4 48 55
4 98 4 48 306
5 748 4 48 306
0 89 4 49 5
1 90 4 49 51
2 88 4 49 8
3 79 4 49 55
4 99 4 49 306
5 749 4 49 306
0 90 4 50 5
1 91 4 50 51
2 89 4 50 8
3 80 4 50 55
4 100 4 50 306
5 750 4 50 306
0 91 4 51 5
1 92 4 51 51
2 90 4 51 8
3 81 4 51 55
4 101 4 51 306
5 751 4 51 306
0 92 4 52 5
1 93 4 52 51
2 91 4 52 8
3 82 4 52 55
4 102 4 52 306
5 752 4 52 306
0 93 4 53 5
1 94 4 53 51
2 92 4 53 8
3 83 4 53 55
4 103 4 53 306
5 753 4 53 306
0 94 4 54 5
1 95 4 54 51
2 93 4 54 8
3 84 4 54 55
4 104 4 54 306
5 754 4 54 306
0 95 4 55 5
1 96 4 55 51
2 94 4 55 8
3 85 4 55 55
4 105 4 55 0
5 755 4 55 0
0 96 4 56 5
1 97 4 56 51
2 95 4 56 8
3 86 4 56 55
4 106 4 56 0
5 756 4 56 0
0 97 4 57 5
1 98 4 57 51
2 96 4 57 8
3 87 4 57 55
4 107 4 57 0
5 757 4 57 0
0 98 4 58 5
1 99 4 58 51
2 97 4 58 8
3 88 4 58 55
4 108 4 58 0
5 758 4 58 0
0 99 4 59 5
1 100 4 59 51
2 98 4 59 8
3 89 4 59 55
4 109 4 59 0
5 759 4 59 0
0 100 4 60 5
1 101 4 60 51
2 99 4 60 8
3 90 4 60 55
4 110 4 60 0
5 760 4 60 0
0 101 4 61 5
1 102 4 61 51
2 100 4 61 8
3 91 4 61 55
4 111 4 61 0
5 761 4 61 0
0 102 4 62 5
1 103 4 62 51
2 101 4 62 8
3 92 4 62 55
4 112 4 62 0
5 762 4 62 0
0 103 4 63 5
1 104 4 63 51
2 102 4 63 8
3 93 4 63 55
4 113 4 63 0
5 763 4 63 0
0 104 4 64 5
1 105 4 64 51
2 103 4 64 8
3 94 4 64 55
4 114 4 64 0
5 764 4 64 0
0 55 5 5 237
1 56 5 5 232
2 54 5 5 245
3 45 5 5 300
4 65 5 5 181
5 715 5 5 300
0 56 5 6 5
1 57 5 6 232
2 55 5 6 8
3 46 5 6 300
4 66 5 6 181
5 716 5 6 300
0 57 5 7 5
1 58 5 7 232
2 56 5 7 8
3 47 5 7 300
4 67 5 7 181
5 717 5 7 300
0 58 5 8 5
1 59 5 8 232
2 57 5 8 8
3 48 5 8 300
4 68 5 8 181
5 718 5 8 300
0 59 5 9 5
1 60 5 9 232
2 58 5 9 8
3 49 5 9 300
4 69 5 9 181
5 719 5 9 300
0 60 5 10 5
1 61 5 10 232
2 59 5 10 8
3 50 5 10 300
4 70 5 10 181
5 720 5 10 300
0 61 5 11 5
1 62 5 11 232
2 60 5 11 8
3 51 5 11 300
4 71 5 11 181
5 721 5 11 300
0 62 5 12 5
1 63 5 12 232
2 61 5 12 8
3 52 5 12 300
4 72 5 12 181
5 722 5 12 300
0 63 5 13 5
1 64 5 13 232
2 62 5 13 8
3 53 5 13 300
4 73 5 13 181
5 723 5 13 300
0 64 5 14 5
1 65 5 14 51
2 63 5 14 8
3 54 5 14 55
4 74 5 14 181
5 724 5 14 300
0 65 5 15 5
1 66 5 15 51
2 64 5 15 8
3 55 5 15 55
4 75 5 15 181
5 725 5 15 300
0 66 5 16 5
1 67 5 16 51
2 65 5 16 8
3 56 5 16 55
4 76 5 16 181
5 726 5 16 300
0 67 5 17 5
1 68 5 17 51
2 66 5 17 8
3 57 5 17 55
4 77 5 17 181
5 727 5 17 300
0 68 5 18 5
1 69 5 18 51
2 67 5 18 8
3 58 5 18 55
4 78 5 18 181
5 728 5 18 300
0 69 5 19 5
1 70 5 19 51
2 68 5 19 8
3 59 5 19 55
4 79 5 19 181
5 729 5 19 300
0 70 5 20 5
1 71 5 20 51
2 69 5 20 8
3 60 5 20 55
4 80 5 20 181
5 730 5 20 300
0 71 5 21 5
1 72 5 21 51
2 70 5 21 8
3 61 5 21 55
4 81 5 21 181
5 731 5 21 300
0 72 5 22 5
1 73 5 22 51
2 71 5 22 8
3 62 5 22 55
4 82 5 22 181
5 732 5 22 300
0 73 5 23 5
1 74 5 23 51
2 72 5 23 8
3 63 5 23 55
4 83 5 23 181
5 733 5 23 300
0 74 5 24 5
1 75 5 24 51
2 73 5 24 8
3 64 5 24 55
4 84 5 24 181
5 734 5 24 300
0 75 5 25 5
1 76 5 25 51
2 74 5 25 8
3 65 5 25 55
4 85 5 25 181
5 735 5 25 300
0 76 5 26 5
1 77 5 26 51
2 75 5 26 8
3 66 5 26 55
4 86 5 26 181
5 736 5 26 300
0 77 5 27 5
1 78 5 27 51
2 76 5 27 8
3 67 5 27 55
4 87 5 27 181
5 737 5 27 300
0 78 5 28 5
1 79 5 28 51
2 77 5 28 8
3 68 5 28 55
4 88 5 28 181
5 738 5 28 300
0 79 5 29 5
1 80 5 29 51
2 78 5 29 8
3 69 5 29 55
4 89 5 29 181
5 739 5 29 300
0 80 5 30 5
1 81 5 30 51
2 79 5 30 8
3 70 5 30 55
4 90 5 30 181
5 740 5 30 300
0 81 5 31 5
1 82 5 31 51
2 80 5 31 8
3 71 5 31 55
4 91 5 31 181
5 741 5 31 300
0 82 5 32 5
1 83 5 32 51
2 81 5 32 8
3 72 5 32 55
4 92 5 32 181
5 742 5 32 300
0 83 5 33 5
1 84 5 33 51
2 82 5 33 8
3 73 5 33 55
4 93 5 33 181
5 743 5 33 300
0 84 5 34 5
1 85 5 34 51
2 83 5 34 8
3 74 5 34 55
4 94 5 34 181
5 744 5 34 300
0 85 5 35 5
1 86 5 35 51
2 84 5 35 8
3 75 5 35 55
4 95 5 35 236
5 745 5 35 300
0 86 5 36 5
1 87 5 36 51
2 85 5 36 8
3 76 5 36 55
4 96 5 36 236
5 746 5 36 300
0 87 5 37 5
1 88 5 37 51
2 86 5 37 8
3 77 5 37 55
4 97 5 37 236
5 747 5 37 300
0 88 5 38 5
1 89 5 38 51
2 87 5 38 8
3 78 5 38 55
4 98 5 38 236
5 748 5 38 300
0 89 5 39 5
1 90 5 39 51
2 88 5 39 8
3 79 5 39 55
4 99 5 39 236
5 749 5 39 300
0 90 5 40 5
1 91 5 40 51
2 89 5 40 8
3 80 5 40 55
4 100 5 40 236
5 750 5 40 300
0 91 5 41 5
1 92 5 41 51
2 90 5 41 8
3 81 5 41 55
4 101 5 41 236
5 751 5 41 300
0 92 5 42 5
1 93 5 42 51
2 91 5 42 8
3 82 5 42 55
4 102 5 42 236
5 752 5 42 300
0 93 5 43 5
1 94 5 43 51
2 92 5 43 8
3 83 5 43 55
4 103 5 43 236
5 753 5 43 300
0 94 5 44 5
1 95 5 44 51
2 93 5 44 8
3 84 5 44 55
4 104 5 44 244
5 754 5 44 300
0 95 5 45 5
1 96 5 45 51
2 94 5 45 8
3 85 5 45 55
4 105 5 45 249
5 755 5 45 300
0 96 5 46 5
1 97 5 46 51
2 95 5 46 8
3 86 5 46 55
4 106 5 46 300
5 756 5 46 300
0 97 5 47 5
1 98 5 47 51
2 96 5 47 8
3 87 5 47 55
4 107 5 47 300
5 757 5 47 300
0 98 5 48 5
1 99 5 48 51
2 97 5 48 8
3 88 5 48 55
4 108 5 48 300
5 758 5 48 300
0 99 5 49 5
1 100 5 49 51
2 98 5 49 8
3 89 5 49 55
4 109 5 49 300
5 759 5 49 300
0 100 5 50 5
1 101 5 50 51
2 99 5 50 8
3 90 5 50 55
4 110 5 50 300
5 760 5 50 300
0 101 5 51 5
1 102 5 51 51
2 100 5 51 8
3 91 5 51 55
4 111 5 51 300
5 761 5 51 300
0 102 5 52 5
1 103 5 52 51
2 101 5 52 8
3 92 5 52 55
4 112 5 52 300
5 762 5 52 300
0 103 5 53 5
1 104 5 53 51
2 102 5 53 8
3 93 5 53 55
4 113 5 53 300
5 763 5 53 300
0 104 5 54 5
1 105 5 54 51
2 103 5 54 8
3 94 5 54 55
4 114 5 54 300
5 764 5 54 300
0 105 5 55 5
1 106 5 55 51
2 104 5 55 8
3 95 5 55 55
4 115 5 55 0
5 765 5 55 0
0 106 5 56 5
1 107 5 56 51
2 105 5 56 8
3 96 5 56 55
4 116 5 56 0
5 766 5 56 0
0 107 5 57 5
1 108 5 57 51
2 106 5 57 8
3 97 5 57 55
4 117 5 57 0
5 767 5 57 0
0 108 5 58 5
1 109 5 58 51
2 107 5 58 8
3 98 5 58 55
4 118 5 58 0
5 768 5 58 0
0 109 5 59 5
1 110 5 59 51
2 108 5 59 8
3 99 5 59 55
4 119 5 59 0
5 769 5 59 0
0 110 5 60 5
1 111 5 60 51
2 109 5 60 8
3 100 5 60 55
4 120 5 60 0
5 770 5 60 0
0 111 5 61 5
1 112 5 61 51
2 110 5 61 8
3 101 5 61 55
4 121 5 61 0
5 771 5 61 0
0 112 5 62 5
1 113 5 62 51
2 111 5 62 8
3 102 5 62 55
4 122 5 62 0
5 772 5 62 0
0 113 5 63 5
1 114 5 63 51
2 112 5 63 8
3 103 5 63 55
4 123 5 63 0
5 773 5 63 0
0 114 5 64 5
1 115 5 64 51
2 113 5 64 8
3 104 5 64 55
4 124 5 64 0
5 774 5 64 0
0 66 6 6 231
1 67 6 6 226
2 65 6 6 239
3 56 6 6 294
4 76 6 6 175
5 726 6 6 294
0 67 6 7 5
1 68 6 7 226
2 66 6 7 8
3 57 6 7 294
4 77 6 7 175
5 727 6 7 294
0 68 6 8 5
1 69 6 8 226
2 67 6 8 8
3 58 6 8 294
4 78 6 8 175
5 728 6 8 294
0 69 6 9 5
1 70 6 9 226
2 68 6 9 8
3 59 6 9 294
4 79 6 9 175
5 729 6 9 294
0 70 6 10 5
1 71 6 10 226
2 69 6 10 8
3 60 6 10 294
4 80 6 10 175
5 730 6 10 294
0 71 6 11 5
1 72 6 11 226
2 70 6 11 8
3 61 6 11 294
4 81 6 11 175
5 731 6 11 294
0 72 6 12 5
1 73 6 12 226
2 71 6 12 8
3 62 6 12 294
4 82 6 12 175
5 732 6 12 294
0 73 6 13 5
1 74 6 13 226
2 72 6 13 8
3 63 6 13 294
4 83 6 13 175
5 733 6 13 294
0 74 6 14 5
1 75 6 14 226
2 73 6 14 8
3 64 6 14 294
4 84 6 14 175
5 734 6 14 294
0 75 6 15 5
1 76 6 15 51
2 74 6 15 8
3 65 6 15 55
4 85 6 15 175
5 735 6 15 294
0 76 6 16 5
1 77 6 16 51
2 75 6 16 8
3 66 6 16 55
4 86 6 16 175
5 736 6 16 294
0 77 6 17 5
1 78 6 17 51
2 76 6 17 8
3 67 6 17 55
4 87 6 17 175
5 737 6 17 294
0 78 6 18 5
1 79 6 18 51
2 77 6 18 8
3 68 6 18 55
4 88 6 18 175
5 738 6 18 294
0 79 6 19 5
1 80 6 19 51
2 78 6 19 8
3 69 6 19 55
4 89 6 19 175
5 739 6 19 294
0 80 6 20 5
1 81 6 20 51
2 79 6 20 8
3 70 6 20 55
4 90 6 20 175
5 740 6 20 294
0 81 6 21 5
1 82 6 21 51
2 80 6 21 8
3 71 6 21 55
4 91 6 21 175
5 741 6 21 294
0 82 6 22 5
1 83 6 22 51
2 81 6 22 8
3 72 6 22 55
4 92 6 22 175
5 742 6 22 294
0 83 6 23 5
1 84 6 23 51
2 82 6 23 8
3 73 6 23 55
4 93 6 23 175
5 743 6 23 294
0 84 6 24 5
1 85 6 24 51
2 83 6 24 8
3 74 6 24 55
4 94 6 24 175
5 744 6 24 294
0 85 6 25 5
1 86 6 25 51
2 84 6 25 8
3 75 6 25 55
4 95 6 25 175
5 745 6 25 294
0 86 6 26 5
1 87 6 26 51
2 85 6 26 8
3 76 6 26 55
4 96 6 26 175
5 746 6 26 294
0 87 6 27 5
1 88 6 27 51
2 86 6 27 8
3 77 6 27 55
4 97 6 27 175
5 747 6 27 294
0 88 6 28 5
1 89 6 28 51
2 87 6 28 8
3 78 6 28 55
4 98 6 28 175
5 748 6 28 294
0 89 6 29 5
1 90 6 29 51
2 88 6 29 8
3 79 6 29 55
4 99 6 29 175
5 749 6 29 294
0 90 6 30 5
1 91 6 30 51
2 89 6 30 8
3 80 6 30 55
4 100 6 30 175
5 750 6 30 294
0 91 6 31 5
1 92 6 31 51
2 90 6 31 8
3 81 6 31 55
4 101 6 31 175
5 751 6 31 294
0 92 6 32 5
1 93 6 32 51
2 91 6 32 8
3 82 6 32 55
4 102 6 32 175
5 752 6 32 294
0 93 6 33 5
1 94 6 33 51
2 92 6 33 8
3 83 6 33 55
4 103 6 33 175
5 753 6 33 294
0 94 6 34 5
1 95 6 34 51
2 93 6 34 8
3 84 6 34 55
4 104 6 34 175
5 754 6 34 294
0 95 6 35 5
1 96 6 35 51
2 94 6 35 8
3 85 6 35 55
4 105 6 35 230
5 755 6 35 294
0 96 6 36 5
1 97 6 36 51
2 95 6 36 8
3 86 6 36 55
4 106 6 36 230
5 756 6 36 294
0 97 6 37 5
1 98 6 37 51
2 96 6 37 8
3 87 6 37 55
4 107 6 37 230
5 757 6 37 294
0 98 6 38 5
1 99 6 38 51
2 97 6 38 8
3 88 6 38 55
4 108 6 38 230
5 758 6 38 294
0 99 6 39 5
1 100 6 39 51
2 98 6 39 8
3 89 6 39 55
4 109 6 39 230
5 759 6 39 294
0 100 6 40 5
1 101 6 40 51
2 99 6 40 8
3 90 6 40 55
4 110 6 40 230
5 760 6 40 294
0 101 6 41 5
1 102 6 41 51
2 100 6 41 8
3 91 6 41 55
4 111 6 41 230
5 761 6 41 294
0 102 6 42 5
1 103 6 42 51
2 101 6 42 8
3 92 6 42 55
4 112 6 42 230
5 762 6 42 294
0 103 6 43 5
1 104 6 43 51
2 102 6 43 8
3 93 6 43 55
4 113 6 43 230
5 763 6 43 294
0 104 6 44 5
1 105 6 44 51
2 103 6 44 8
3 94 6 44 55
4 114 6 44 238
5 764 6 44 294
0 105 6 45 5
1 106 6 45 51
2 104 6 45 8
3 95 6 45 55
4 115 6 45 243
5 765 6 45 294
0 106 6 46 5
1 107 6 46 51
2 105 6 46 8
3 96 6 46 55
4 116 6 46 294
5 766 6 46 294
0 107 6 47 5
1 108 6 47 51
2 106 6 47 8
3 97 6 47 55
4 117 6 47 294
5 767 6 47 294
0 108 6 48 5
1 109 6 48 51
2 107 6 48 8
3 98 6 48 55
4 118 6 48 294
5 768 6 48 294
0 109 6 49 5
1 110 6 49 51
2 108 6 49 8
3 99 6 49 55
4 119 6 49 294
5 769 6 49 294
0 110 6 50 5
1 111 6 50 51
2 109 6 50 8
3 100 6 50 55
4 120 6 50 294
5 770 6 50 294
0 111 6 51 5
1 112 6 51 51
2 110 6 51 8
3 101 6 51 55
4 121 6 51 294
5 771 6 51 294
0 112 6 52 5
1 113 6 52 51
2 111 6 52 8
3 102 6 52 55
4 122 6 52 294
5 772 6 52 294
0 113 6 53 5
1 114 6 53 51
2 112 6 53 8
3 103 6 53 55
4 123 6 53 294
5 773 6 53 294
0 114 6 54 5
1 115 6 54 51
2 113 6 54 8
3 104 6 54 55
4 124 6 54 294
5 774 6 54 294
0 115 6 55 5
1 116 6 55 51
2 114 6 55 8
3 105 6 55 55
4 125 6 55 0
5 775 6 55 0
0 116 6 56 5
1 117 6 56 51
2 115 6 56 8
3 106 6 56 55
4 126 6 56 0
5 776 6 56 0
0 117 6 57 5
1 118 6 57 51
2 116 6 57 8
3 107 6 57 55
4 127 6 57 0
5 777 6 57 0
0 118 6 58 5
1 119 6 58 51
2 117 6 58 8
3 108 6 58 55
4 128 6 58 0
5 778 6 58 0
0 119 6 59 5
1 120 6 59 51
2 118 6 59 8
3 109 6 59 55
4 129 6 59 0
5 779 6 59 0
0 120 6 60 5
1 121 6 60 51
2 119 6 60 8
3 110 6 60 55
4 130 6 60 0
5 780 6 60 0
0 121 6 61 5
1 122 6 61 51
2 120 6 61 8
3 111 6 61 55
4 131 6 61 0
5 781 6 61 0
0 122 6 62 5
1 123 6 62 51
2 121 6 62 8
3 112 6 62 55
4 132 6 62 0
5 782 6 62 0
0 123 6 63 5
1 124 6 63 51
2 122 6 63 8
3 113 6 63 55
4 133 6 63 0
5 783 6 63 0
0 124 6 64 5
1 125 6 64 51
2 123 6 64 8
3 114 6 64 55
4 134 6 64 0
5 784 6 64 0
0 77 7 7 225
1 78 7 7 220
2 76 7 7 233
3 67 7 7 288
4 87 7 7 169
5 737 7 7 288
0 78 7 8 5
1 79 7 8 220
2 77 7 8 8
3 68 7 8 288
4 88 7 8 169
5 738 7 8 288
0 79 7 9 5
1 80 7 9 220
2 78 7 9 8
3 69 7 9 288
4 89 7 9 169
5 739 7 9 288
0 80 7 10 5
1 81 7 10 220
2 79 7 10 8
3 70 7 10 288
4 90 7 10 169
5 740 7 10 288
0 81 7 11 5
1 82 7 11 220
2 80 7 11 8
3 71 7 11 288
4 91 7 11 169
5 741 7 11 288
0 82 7 12 5
1 83 7 12 220
2 81 7 12 8
3 72 7 12 288
4 92 7 12 169
5 742 7 12 288
0 83 7 13 5
1 84 7 13 220
2 82 7 13 8
3 73 7 13 288
4 93 7 13 169
5 743 7 13 288
0 84 7 14 5
1 85 7 14 220
2 83 7 14 8
3 74 7 14 288
4 94 7 14 169
5 744 7 14 288
0 85 7 15 5
1 86 7 15 220
2 84 7 15 8
3 75 7 15 288
4 95 7 15 169
5 745 7 15 288
0 86 7 16 5
1 87 7 16 51
2 85 7 16 8
3 76 7 16 55
4 96 7 16 169
5 746 7 16 288
0 87 7 17 5
1 88 7 17 51
2 86 7 17 8
3 77 7 17 55
4 97 7 17 169
5 747 7 17 288
0 88 7 18 5
1 89 7 18 51
2 87 7 18 8
3 78 7 18 55
4 98 7 18 169
5 748 7 18 288
0 89 7 19 5
1 90 7 19 51
2 88 7 19 8
3 79 7 19 55
4 99 7 19 169
5 749 7 19 288
0 90 7 20 5
1 91 7 20 51
2 89 7 20 8
3 80 7 20 55
4 100 7 20 169
5 750 7 20 288
0 91 7 21 5
1 92 7 21 51
2 90 7 21 8
3 81 7 21 55
4 101 7 21 169
5 751 7 21 288
0 92 7 22 5
1 93 7 22 51
2 91 7 22 8
3 82 7 22 55
4 102 7 22 169
5 752 7 22 288
0 93 7 23 5
1 94 7 23 51
2 92 7 23 8
3 83 7 23 55
4 103 7 23 169
5 753 7 23 288
0 94 7 24 5
1 95 7 24 51
2 93 7 24 8
3 84 7 24 55
4 104 7 24 169
5 754 7 24 288
0 95 7 25 5
1 96 7 25 51
2 94 7 25 8
3 85 7 25 55
4 105 7 25 169
5 755 7 25 288
0 96 7 26 5
1 97 7 26 51
2 95 7 26 8
3 86 7 26 55
4 106 7 26 169
5 756 7 26 288
0 97 7 27 5
1 98 7 27 51
2 96 7 27 8
3 87 7 27 55
4 107 7 27 169
5 757 7 27 288
0 98 7 28 5
1 99 7 28 51
2 97 7 28 8
3 88 7 28 55
4 108 7 28 169
5 758 7 28 288
0 99 7 29 5
1 100 7 29 51
2 98 7 29 8
3 89 7 29 55
4 109 7 29 169
5 759 7 29 288
0 100 7 30 5
1 101 7 30 51
2 99 7 30 8
3 90 7 30 55
4 110 7 30 169
5 760 7 30 288
0 101 7 31 5
1 102 7 31 51
2 100 7 31 8
3 91 7 31 55
4 111 7 31 169
5 761 7 31 288
0 102 7 32 5
1 103 7 32 51
2 101 7 32 8
3 92 7 32 55
4 112 7 32 169
5 762 7 32 288
0 103 7 33 5
1 104 7 33 51
2 102 7 33 8
3 93 7 33 55
4 113 7 33 169
5 763 7 33 288
0 104 7 34 5
1 105 7 34 51
2 103 7 34 8
3 94 7 34 55
4 114 7 34 169
5 764 7 34 288
0 105 7 35 5
1 106 7 35 51
2 104 7 35 8
3 95 7 35 55
4 115 7 35 224
5 765 7 35 288
0 106 7 36 5
1 107 7 36 51
2 105 7 36 8
3 96 7 36 55
4 116 7 36 224
5 766 7 36 288
0 107 7 37 5
1 108 7 37 51
2 106 7 37 8
3 97 7 37 55
4 117 7 37 224
5 767 7 37 288
0 108 7 38 5
1 109 7 38 51
2 107 7 38 8
3 98 7 38 55
4 118 7 38 224
5 768 7 38 288
0 109 7 39 5
1 110 7 39 51
2 108 7 39 8
3 99 7 39 55
4 119 7 39 224
5 769 7 39 288
0 110 7 40 5
1 111 7 40 51
2 109 7 40 8
3 100 7 40 55
4 120 7 40 224
5 770 7 40 288
0 111 7 41 5
1 112 7 41 51
2 110 7 41 8
3 101 7 41 55
4 121 7 41 224
5 771 7 41 288
0 112 7 42 5
1 113 7 42 51
2 111 7 42 8
3 102 7 42 55
4 122 7 42 224
5 772 7 42 288
0 113 7 43 5
1 114 7 43 51
2 112 7 43 8
3 103 7 43 55
4 123 7 43 224
5 773 7 43 288
0 114 7 44 5
1 115 7 44 51
2 113 7 44 8
3 104 7 44 55
4 124 7 44 232
5 774 7 44 288
0 115 7 45 5
1 116 7 45 51
2 114 7 45 8
3 105 7 45 55
4 125 7 45 237
5 775 7 45 288
0 116 7 46 5
1 117 7 46 51
2 115 7 46 8
3 106 7 46 55
4 126 7 46 288
5 776 7 46 288
0 117 7 47 5
1 118 7 47 51
2 116 7 47 8
3 107 7 47 55
4 127 7 47 288
5 777 7 47 288
0 118 7 48 5
1 119 7 48 51
2 117 7 48 8
3 108 7 48 55
4 128 7 48 288
5 778 7 48 288
0 119 7 49 5
1 120 7 49 51
2 118 7 49 8
3 109 7 49 55
4 129 7 49 288
5 779 7 49 288
0 120 7 50 5
1 121 7 50 51
2 119 7 50 8
3 110 7 50 55
4 130 7 50 288
5 780 7 50 288
0 121 7 51 5
1 122 7 51 51
2 120 7 51 8
3 111 7 51 55
4 131 7 51 288
5 781 7 51 288
0 122 7 52 5
1 123 7 52 51
2 121 7 52 8
3 112 7 52 55
4 132 7 52 288
5 782 7 52 288
0 123 7 53 5
1 124 7 53 51
2 122 7 53 8
3 113 7 53 55
4 133 7 53 288
5 783 7 53 288
0 124 7 54 5
1 125 7 54 51
2 123 7 54 8
3 114 7 54 55
4 134 7 54 288
5 784 7 54 288
0 125 7 55 5
1 126 7 55 51
2 124 7 55 8
3 115 7 55 55
4 135 7 55 0
5 785 7 55 0
0 126 7 56 5
1 127 7 56 51
2 125 7 56 8
3 116 7 56 55
4 136 7 56 0
5 786 7 56 0
0 127 7 57 5
1 128 7 57 51
2 126 7 57 8
3 117 7 57 55
4 137 7 57 0
5 787 7 57 0
0 128 7 58 5
1 129 7 58 51
2 127 7 58 8
3 118 7 58 55
4 138 7 58 0
5 788 7 58 0
0 129 7 59 5
1 130 7 59 51
2 128 7 59 8
3 119 7 59 55
4 139 7 59 0
5 789 7 59 0
0 130 7 60 5
1 131 7 60 51
2 129 7 60 8
3 120 7 60 55
4 140 7 60 0
5 790 7 60 0
0 131 7 61 5
1 132 7 61 51
2 130 7 61 8
3 121 7 61 55
4 141 7 61 0
5 791 7 61 0
0 132 7 62 5
1 133 7 62 51
2 131 7 62 8
3 122 7 62 55
4 142 7 62 0
5 792 7 62 0
0 133 7 63 5
1 134 7 63 51
2 132 7 63 8
3 123 7 63 55
4 143 7 63 0
5 793 7 63 0
0 134 7 64 5
1 135 7 64 51
2 133 7 64 8
3 124 7 64 55
4 144 7 64 0
5 794 7 64 0
0 88 8 8 219
1 89 8 8 214
2 87 8 8 227
3 78 8 8 282
4 98 8 8 163
5 748 8 8 282
0 89 8 9 5
1 90 8 9 214
2 88 8 9 8
3 79 8 9 282
4 99 8 9 163
5 749 8 9 282
0 90 8 10 5
1 91 8 10 214
2 89 8 10 8
3 80 8 10 282
4 100 8 10 163
5 750 8 10 282
0 91 8 11 5
1 92 8 11 214
2 90 8 11 8
3 81 8 11 282
4 101 8 11 163
5 751 8 11 282
0 92 8 12 5
1 93 8 12 214
2 91 8 12 8
3 82 8 12 282
4 102 8 12 163
5 752 8 12 282
0 93 8 13 5
1 94 8 13 214
2 92 8 13 8
3 83 8 13 282
4 103 8 13 163
5 753 8 13 282
0 94 8 14 5
1 95 8 14 214
2 93 8 14 8
3 84 8 14 282
4 104 8 14 163
5 754 8 14 282
0 95 8 15 5
1 96 8 15 214
2 94 8 15 8
3 85 8 15 282
4 105 8 15 163
5 755 8 15 282
0 96 8 16 5
1 97 8 16 214
2 95 8 16 8
3 86 8 16 282
4 106 8 16 163
5 756 8 16 282
0 97 8 17 5
1 98 8 17 51
2 96 8 17 8
3 87 8 17 55
4 107 8 17 163
5 757 8 17 282
0 98 8 18 5
1 99 8 18 51
2 97 8 18 8
3 88 8 18 55
4 108 8 18 163
5 758 8 18 282
0 99 8 19 5
1 100 8 19 51
2 98 8 19 8
3 89 8 19 55
4 109 8 19 163
5 759 8 19 282
0 100 8 20 5
1 101 8 20 51
2 99 8 20 8
3 90 8 20 55
4 110 8 20 163
5 760 8 20 282
0 101 8 21 5
1 102 8 21 51
2 100 8 21 8
3 91 8 21 55
4 111 8 21 163
5 761 8 21 282
0 102 8 22 5
1 103 8 22 51
2 101 8 22 8
3 92 8 22 55
4 112 8 22 163
5 762 8 22 282
0 103 8 23 5
1 104 8 23 51
2 102 8 23 8
3 93 8 23 55
4 113 8 23 163
5 763 8 23 282
0 104 8 24 5
1 105 8 24 51
2 103 8 24 8
3 94 8 24 55
4 114 8 24 163
5 764 8 24 282
0 105 8 25 5
1 106 8 25 51
2 104 8 25 8
3 95 8 25 55
4 115 8 25 163
5 765 8 25 282
0 106 8 26 5
1 107 8 26 51
2 105 8 26 8
3 96 8 26 55
4 116 8 26 163
5 766 8 26 282
0 107 8 27 5
1 108 8 27 51
2 106 8 27 8
3 97 8 27 55
4 117 8 27 163
5 767 8 27 282
0 108 8 28 5
1 109 8 28 51
2 107 8 28 8
3 98 8 28 55
4 118 8 28 163
5 768 8 28 282
0 109 8 29 5
1 110 8 29 51
2 108 8 29 8
3 99 8 29 55
4 119 8 29 163
5 769 8 29 282
0 110 8 30 5
1 111 8 30 51
2 109 8 30 8
3 100 8 30 55
4 120 8 30 163
5 770 8 30 282
0 111 8 31 5
1 112 8 31 51
2 110 8 31 8
3 101 8 31 55
4 121 8 31 163
5 771 8 31 282
0 112 8 32 5
1 113 8 32 51
2 111 8 32 8
3 102 8 32 55
4 122 8 32 163
5 772 8 32 282
0 113 8 33 5
1 114 8 33 51
2 112 8 33 8
3 103 8 33 55
4 123 8 33 163
5 773 8 33 282
0 114 8 34 5
1 115 8 34 51
2 113 8 34 8
3 104 8 34 55
4 124 8 34 163
5 774 8 34 282
0 115 8 35 5
1 116 8 35 51
2 114 8 35 8
3 105 8 35 55
4 125 8 35 218
5 775 8 35 282
0 116 8 36 5
1 117 8 36 51
2 115 8 36 8
3 106 8 36 55
4 126 8 36 218
5 776 8 36 282
0 117 8 37 5
1 118 8 37 51
2 116 8 37 8
3 107 8 37 55
4 127 8 37 218
5 777 8 37 282
0 118 8 38 5
1 119 8 38 51
2 117 8 38 8
3 108 8 38 55
4 128 8 38 218
5 778 8 38 282
0 119 8 39 5
1 120 8 39 51
2 118 8 39 8
3 109 8 39 55
4 129 8 39 218
5 779 8 39 282
0 120 8 40 5
1 121 8 40 51
2 119 8 40 8
3 110 8 40 55
4 130 8 40 218
5 780 8 40 282
0 121 8 41 5
1 122 8 41 51
2 120 8 41 8
3 111 8 41 55
4 131 8 41 218
5 781 8 41 282
0 122 8 42 5
1 123 8 42 51
2 121 8 42 8
3 112 8 42 55
4 132 8 42 218
5 782 8 42 282
0 123 8 43 5
1 124 8 43 51
2 122 8 43 8
3 113 8 43 55
4 133 8 43 218
5 783 8 43 282
0 124 8 44 5
1 125 8 44 51
2 123 8 44 8
3 114 8 44 55
4 134 8 44 226
5 784 8 44 282
0 125 8 45 5
1 126 8 45 51
2 124 8 45 8
3 115 8 45 55
4 135 8 45 231
5 785 8 45 282
0 126 8 46 5
1 127 8 46 51
2 125 8 46 8
3 116 8 46 55
4 136 8 46 282
5 786 8 46 282
0 127 8 47 5
1 128 8 47 51
2 126 8 47 8
3 117 8 47 55
4 137 8 47 282
5 787 8 47 282
0 128 8 48 5
1 129 8 48 51
2 127 8 48 8
3 118 8 48 55
4 138 8 48 282
5 788 8 48 282
0 129 8 49 5
1 130 8 49 51
2 128 8 49 8
3 119 8 49 55
4 139 8 49 282
5 789 8 49 282
0 130 8 50 5
1 131 8 50 51
2 129 8 50 8
3 120 8 50 55
4 140 8 50 282
5 790 8 50 282
0 131 8 51 5
1 132 8 51 51
2 130 8 51 8
3 121 8 51 55
4 141 8 51 282
5 791 8 51 282
0 132 8 52 5
1 133 8 52 51
2 131 8 52 8
3 122 8 52 55
4 142 8 52 282
5 792 8 52 282
0 133 8 53 5
1 134 8 53 51
2 132 8 53 8
3 123 8 53 55
4 143 8 53 282
5 793 8 53 282
0 134 8 54 5
1 135 8 54 51
2 133 8 54 8
3 124 8 54 55
4 144 8 54 282
5 794 8 54 282
0 135 8 55 5
1 136 8 55 51
2 134 8 55 8
3 125 8 55 55
4 145 8 55 0
5 795 8 55 0
0 136 8 56 5
1 137 8 56 51
2 135 8 56 8
3 126 8 56 55
4 146 8 56 0
5 796 8 56 0
0 137 8 57 5
1 138 8 57 51
2 136 8 57 8
3 127 8 57 55
4 147 8 57 0
5 797 8 57 0
0 138 8 58 5
1 139 8 58 51
2 137 8 58 8
3 128 8 58 55
4 148 8 58 0
5 798 8 58 0
0 139 8 59 5
1 140 8 59 51
2 138 8 59 8
3 129 8 59 55
4 149 8 59 0
5 799 8 59 0
0 140 8 60 5
1 141 8 60 51
2 139 8 60 8
3 130 8 60 55
4 150 8 60 0
5 800 8 60 0
0 141 8 61 5
1 142 8 61 51
2 140 8 61 8
3 131 8 61 55
4 151 8 61 0
5 801 8 61 0
0 142 8 62 5
1 143 8 62 51
2 141 8 62 8
3 132 8 62 55
4 152 8 62 0
5 802 8 62 0
0 143 8 63 5
1 144 8 63 51
2 142 8 63 8
3 133 8 63 55
4 153 8 63 0
5 803 8 63 0
0 144 8 64 5
1 145 8 64 51
2 143 8 64 8
3 134 8 64 55
4 154 8 64 0
5 804 8 64 0
