0 67 1 1 0
1 68 1 1 0
2 66 1 1 0
3 1 1 1 0
4 133 1 1 0
5 727 1 1 0
0 68 1 2 5
1 69 1 2 0
2 67 1 2 8
3 2 1 2 0
4 134 1 2 0
5 728 1 2 0
0 69 1 3 5
1 70 1 3 0
2 68 1 3 8
3 3 1 3 0
4 135 1 3 0
5 729 1 3 0
0 70 1 4 5
1 71 1 4 0
2 69 1 4 8
3 4 1 4 0
4 136 1 4 0
5 730 1 4 0
0 71 1 5 5
1 72 1 5 0
2 70 1 5 8
3 5 1 5 0
4 137 1 5 0
5 731 1 5 0
0 72 1 6 5
1 73 1 6 0
2 71 1 6 8
3 6 1 6 0
4 138 1 6 0
5 732 1 6 0
0 73 1 7 5
1 74 1 7 0
2 72 1 7 8
3 7 1 7 0
4 139 1 7 0
5 733 1 7 0
0 74 1 8 5
1 75 1 8 0
2 73 1 8 8
3 8 1 8 0
4 140 1 8 0
5 734 1 8 0
0 134 2 2 38
1 135 2 2 33
2 133 2 2 46
3 68 2 2 37
4 200 2 2 0
5 794 2 2 0
0 135 2 3 5
1 136 2 3 33
2 134 2 3 8
3 69 2 3 37
4 201 2 3 0
5 795 2 3 0
0 136 2 4 5
1 137 2 4 33
2 135 2 4 8
3 70 2 4 37
4 202 2 4 0
5 796 2 4 0
0 137 2 5 5
1 138 2 5 33
2 136 2 5 8
3 71 2 5 37
4 203 2 5 0
5 797 2 5 0
0 138 2 6 5
1 139 2 6 33
2 137 2 6 8
3 72 2 6 37
4 204 2 6 0
5 798 2 6 0
0 139 2 7 5
1 140 2 7 33
2 138 2 7 8
3 73 2 7 37
4 205 2 7 0
5 799 2 7 0
0 140 2 8 5
1 141 2 8 0
2 139 2 8 8
3 74 2 8 45
4 206 2 8 0
5 800 2 8 0
0 201 3 3 32
1 202 3 3 27
2 200 3 3 40
3 135 3 3 31
4 267 3 3 0
5 861 3 3 0
0 202 3 4 5
1 203 3 4 27
2 201 3 4 8
3 136 3 4 31
4 268 3 4 0
5 862 3 4 0
0 203 3 5 5
1 204 3 5 27
2 202 3 5 8
3 137 3 5 31
4 269 3 5 0
5 863 3 5 0
0 204 3 6 5
1 205 3 6 27
2 203 3 6 8
3 138 3 6 31
4 270 3 6 0
5 864 3 6 0
0 205 3 7 5
1 206 3 7 27
2 204 3 7 8
3 139 3 7 31
4 271 3 7 0
5 865 3 7 0
0 206 3 8 5
1 207 3 8 0
2 205 3 8 8
3 140 3 8 39
4 272 3 8 0
5 866 3 8 0
0 268 4 4 26
1 269 4 4 21
2 267 4 4 34
3 202 4 4 25
4 334 4 4 0
5 928 4 4 0
0 269 4 5 5
1 270 4 5 21
2 268 4 5 8
3 203 4 5 25
4 335 4 5 0
5 929 4 5 0
0 270 4 6 5
1 271 4 6 21
2 269 4 6 8
3 204 4 6 25
4 336 4 6 0
5 930 4 6 0
0 271 4 7 5
1 272 4 7 21
2 270 4 7 8
3 205 4 7 25
4 337 4 7 0
5 931 4 7 0
0 272 4 8 5
1 273 4 8 0
2 271 4 8 8
3 206 4 8 33
4 338 4 8 0
5 932 4 8 0
0 335 5 5 20
1 336 5 5 15
2 334 5 5 28
3 269 5 5 19
4 401 5 5 0
5 995 5 5 0
0 336 5 6 5
1 337 5 6 15
2 335 5 6 8
3 270 5 6 19
4 402 5 6 0
5 996 5 6 0
0 337 5 7 5
1 338 5 7 15
2 336 5 7 8
3 271 5 7 19
4 403 5 7 0
5 997 5 7 0
0 338 5 8 5
1 339 5 8 0
2 337 5 8 8
3 272 5 8 27
4 404 5 8 0
5 998 5 8 0
0 402 6 6 14
1 403 6 6 9
2 401 6 6 22
3 336 6 6 13
4 468 6 6 0
5 1062 6 6 0
0 403 6 7 5
1 404 6 7 9
2 402 6 7 8
3 337 6 7 13
4 469 6 7 0
5 1063 6 7 0
0 404 6 8 5
1 405 6 8 0
2 403 6 8 8
3 338 6 8 21
4 470 6 8 0
5 1064 6 8 0
0 469 7 7 8
1 470 7 7 3
2 468 7 7 16
3 403 7 7 7
4 535 7 7 0
5 1129 7 7 0
0 470 7 8 5
1 471 7 8 0
2 469 7 8 8
3 404 7 8 15
4 536 7 8 0
5 1130 7 8 0
0 536 8 8 2
1 537 8 8 0
2 535 8 8 10
3 470 8 8 9
4 602 8 8 0
5 1196 8 8 0
