0 67 1 1 0
1 68 1 1 0
2 66 1 1 0
3 1 1 1 0
4 133 1 1 0
5 1255 1 1 0
0 68 1 2 5
1 69 1 2 0
2 67 1 2 8
3 2 1 2 0
4 134 1 2 0
5 1256 1 2 0
0 69 1 3 5
1 70 1 3 0
2 68 1 3 8
3 3 1 3 0
4 135 1 3 0
5 1257 1 3 0
0 70 1 4 5
1 71 1 4 0
2 69 1 4 8
3 4 1 4 0
4 136 1 4 0
5 1258 1 4 0
0 71 1 5 5
1 72 1 5 0
2 70 1 5 8
3 5 1 5 0
4 137 1 5 0
5 1259 1 5 0
0 72 1 6 5
1 73 1 6 0
2 71 1 6 8
3 6 1 6 0
4 138 1 6 0
5 1260 1 6 0
0 73 1 7 5
1 74 1 7 0
2 72 1 7 8
3 7 1 7 0
4 139 1 7 0
5 1261 1 7 0
0 74 1 8 5
1 75 1 8 0
2 73 1 8 8
3 8 1 8 0
4 140 1 8 0
5 1262 1 8 0
0 75 1 9 5
1 76 1 9 0
2 74 1 9 8
3 9 1 9 0
4 141 1 9 0
5 1263 1 9 0
0 76 1 10 5
1 77 1 10 0
2 75 1 10 8
3 10 1 10 0
4 142 1 10 0
5 1264 1 10 0
0 77 1 11 5
1 78 1 11 0
2 76 1 11 8
3 11 1 11 0
4 143 1 11 0
5 1265 1 11 0
0 78 1 12 5
1 79 1 12 0
2 77 1 12 8
3 12 1 12 0
4 144 1 12 0
5 1266 1 12 0
0 79 1 13 5
1 80 1 13 0
2 78 1 13 8
3 13 1 13 0
4 145 1 13 0
5 1267 1 13 0
0 80 1 14 5
1 81 1 14 0
2 79 1 14 8
3 14 1 14 0
4 146 1 14 0
5 1268 1 14 0
0 81 1 15 5
1 82 1 15 0
2 80 1 15 8
3 15 1 15 0
4 147 1 15 0
5 1269 1 15 0
0 82 1 16 5
1 83 1 16 0
2 81 1 16 8
3 16 1 16 0
4 148 1 16 0
5 1270 1 16 0
0 134 2 2 86
1 135 2 2 81
2 133 2 2 94
3 68 2 2 85
4 200 2 2 0
5 1322 2 2 0
0 135 2 3 5
1 136 2 3 81
2 134 2 3 8
3 69 2 3 85
4 201 2 3 0
5 1323 2 3 0
0 136 2 4 5
1 137 2 4 81
2 135 2 4 8
3 70 2 4 85
4 202 2 4 0
5 1324 2 4 0
0 137 2 5 5
1 138 2 5 81
2 136 2 5 8
3 71 2 5 85
4 203 2 5 0
5 1325 2 5 0
0 138 2 6 5
1 139 2 6 81
2 137 2 6 8
3 72 2 6 85
4 204 2 6 0
5 1326 2 6 0
0 139 2 7 5
1 140 2 7 81
2 138 2 7 8
3 73 2 7 85
4 205 2 7 0
5 1327 2 7 0
0 140 2 8 5
1 141 2 8 81
2 139 2 8 8
3 74 2 8 85
4 206 2 8 0
5 1328 2 8 0
0 141 2 9 5
1 142 2 9 81
2 140 2 9 8
3 75 2 9 85
4 207 2 9 0
5 1329 2 9 0
0 142 2 10 5
1 143 2 10 81
2 141 2 10 8
3 76 2 10 85
4 208 2 10 0
5 1330 2 10 0
0 143 2 11 5
1 144 2 11 81
2 142 2 11 8
3 77 2 11 85
4 209 2 11 0
5 1331 2 11 0
0 144 2 12 5
1 145 2 12 81
2 143 2 12 8
3 78 2 12 85
4 210 2 12 0
5 1332 2 12 0
0 145 2 13 5
1 146 2 13 81
2 144 2 13 8
3 79 2 13 85
4 211 2 13 0
5 1333 2 13 0
0 146 2 14 5
1 147 2 14 81
2 145 2 14 8
3 80 2 14 85
4 212 2 14 0
5 1334 2 14 0
0 147 2 15 5
1 148 2 15 81
2 146 2 15 8
3 81 2 15 85
4 213 2 15 0
5 1335 2 15 0
0 148 2 16 5
1 149 2 16 0
2 147 2 16 8
3 82 2 16 93
4 214 2 16 0
5 1336 2 16 0
0 201 3 3 80
1 202 3 3 75
2 200 3 3 88
3 135 3 3 79
4 267 3 3 0
5 1389 3 3 0
0 202 3 4 5
1 203 3 4 75
2 201 3 4 8
3 136 3 4 79
4 268 3 4 0
5 1390 3 4 0
0 203 3 5 5
1 204 3 5 75
2 202 3 5 8
3 137 3 5 79
4 269 3 5 0
5 1391 3 5 0
0 204 3 6 5
1 205 3 6 75
2 203 3 6 8
3 138 3 6 79
4 270 3 6 0
5 1392 3 6 0
0 205 3 7 5
1 206 3 7 75
2 204 3 7 8
3 139 3 7 79
4 271 3 7 0
5 1393 3 7 0
0 206 3 8 5
1 207 3 8 75
2 205 3 8 8
3 140 3 8 79
4 272 3 8 0
5 1394 3 8 0
0 207 3 9 5
1 208 3 9 75
2 206 3 9 8
3 141 3 9 79
4 273 3 9 0
5 1395 3 9 0
0 208 3 10 5
1 209 3 10 75
2 207 3 10 8
3 142 3 10 79
4 274 3 10 0
5 1396 3 10 0
0 209 3 11 5
1 210 3 11 75
2 208 3 11 8
3 143 3 11 79
4 275 3 11 0
5 1397 3 11 0
0 210 3 12 5
1 211 3 12 75
2 209 3 12 8
3 144 3 12 79
4 276 3 12 0
5 1398 3 12 0
0 211 3 13 5
1 212 3 13 75
2 210 3 13 8
3 145 3 13 79
4 277 3 13 0
5 1399 3 13 0
0 212 3 14 5
1 213 3 14 75
2 211 3 14 8
3 146 3 14 79
4 278 3 14 0
5 1400 3 14 0
0 213 3 15 5
1 214 3 15 75
2 212 3 15 8
3 147 3 15 79
4 279 3 15 0
5 1401 3 15 0
0 214 3 16 5
1 215 3 16 0
2 213 3 16 8
3 148 3 16 87
4 280 3 16 0
5 1402 3 16 0
0 268 4 4 74
1 269 4 4 69
2 267 4 4 82
3 202 4 4 73
4 334 4 4 0
5 1456 4 4 0
0 269 4 5 5
1 270 4 5 69
2 268 4 5 8
3 203 4 5 73
4 335 4 5 0
5 1457 4 5 0
0 270 4 6 5
1 271 4 6 69
2 269 4 6 8
3 204 4 6 73
4 336 4 6 0
5 1458 4 6 0
0 271 4 7 5
1 272 4 7 69
2 270 4 7 8
3 205 4 7 73
4 337 4 7 0
5 1459 4 7 0
0 272 4 8 5
1 273 4 8 69
2 271 4 8 8
3 206 4 8 73
4 338 4 8 0
5 1460 4 8 0
0 273 4 9 5
1 274 4 9 69
2 272 4 9 8
3 207 4 9 73
4 339 4 9 0
5 1461 4 9 0
0 274 4 10 5
1 275 4 10 69
2 273 4 10 8
3 208 4 10 73
4 340 4 10 0
5 1462 4 10 0
0 275 4 11 5
1 276 4 11 69
2 274 4 11 8
3 209 4 11 73
4 341 4 11 0
5 1463 4 11 0
0 276 4 12 5
1 277 4 12 69
2 275 4 12 8
3 210 4 12 73
4 342 4 12 0
5 1464 4 12 0
0 277 4 13 5
1 278 4 13 69
2 276 4 13 8
3 211 4 13 73
4 343 4 13 0
5 1465 4 13 0
0 278 4 14 5
1 279 4 14 69
2 277 4 14 8
3 212 4 14 73
4 344 4 14 0
5 1466 4 14 0
0 279 4 15 5
1 280 4 15 69
2 278 4 15 8
3 213 4 15 73
4 345 4 15 0
5 1467 4 15 0
0 280 4 16 5
1 281 4 16 0
2 279 4 16 8
3 214 4 16 81
4 346 4 16 0
5 1468 4 16 0
0 335 5 5 68
1 336 5 5 63
2 334 5 5 76
3 269 5 5 67
4 401 5 5 0
5 1523 5 5 0
0 336 5 6 5
1 337 5 6 63
2 335 5 6 8
3 270 5 6 67
4 402 5 6 0
5 1524 5 6 0
0 337 5 7 5
1 338 5 7 63
2 336 5 7 8
3 271 5 7 67
4 403 5 7 0
5 1525 5 7 0
0 338 5 8 5
1 339 5 8 63
2 337 5 8 8
3 272 5 8 67
4 404 5 8 0
5 1526 5 8 0
0 339 5 9 5
1 340 5 9 63
2 338 5 9 8
3 273 5 9 67
4 405 5 9 0
5 1527 5 9 0
0 340 5 10 5
1 341 5 10 63
2 339 5 10 8
3 274 5 10 67
4 406 5 10 0
5 1528 5 10 0
0 341 5 11 5
1 342 5 11 63
2 340 5 11 8
3 275 5 11 67
4 407 5 11 0
5 1529 5 11 0
0 342 5 12 5
1 343 5 12 63
2 341 5 12 8
3 276 5 12 67
4 408 5 12 0
5 1530 5 12 0
0 343 5 13 5
1 344 5 13 63
2 342 5 13 8
3 277 5 13 67
4 409 5 13 0
5 1531 5 13 0
0 344 5 14 5
1 345 5 14 63
2 343 5 14 8
3 278 5 14 67
4 410 5 14 0
5 1532 5 14 0
0 345 5 15 5
1 346 5 15 63
2 344 5 15 8
3 279 5 15 67
4 411 5 15 0
5 1533 5 15 0
0 346 5 16 5
1 347 5 16 0
2 345 5 16 8
3 280 5 16 75
4 412 5 16 0
5 1534 5 16 0
0 402 6 6 62
1 403 6 6 57
2 401 6 6 70
3 336 6 6 61
4 468 6 6 0
5 1590 6 6 0
0 403 6 7 5
1 404 6 7 57
2 402 6 7 8
3 337 6 7 61
4 469 6 7 0
5 1591 6 7 0
0 404 6 8 5
1 405 6 8 57
2 403 6 8 8
3 338 6 8 61
4 470 6 8 0
5 1592 6 8 0
0 405 6 9 5
1 406 6 9 57
2 404 6 9 8
3 339 6 9 61
4 471 6 9 0
5 1593 6 9 0
0 406 6 10 5
1 407 6 10 57
2 405 6 10 8
3 340 6 10 61
4 472 6 10 0
5 1594 6 10 0
0 407 6 11 5
1 408 6 11 57
2 406 6 11 8
3 341 6 11 61
4 473 6 11 0
5 1595 6 11 0
0 408 6 12 5
1 409 6 12 57
2 407 6 12 8
3 342 6 12 61
4 474 6 12 0
5 1596 6 12 0
0 409 6 13 5
1 410 6 13 57
2 408 6 13 8
3 343 6 13 61
4 475 6 13 0
5 1597 6 13 0
0 410 6 14 5
1 411 6 14 57
2 409 6 14 8
3 344 6 14 61
4 476 6 14 0
5 1598 6 14 0
0 411 6 15 5
1 412 6 15 57
2 410 6 15 8
3 345 6 15 61
4 477 6 15 0
5 1599 6 15 0
0 412 6 16 5
1 413 6 16 0
2 411 6 16 8
3 346 6 16 69
4 478 6 16 0
5 1600 6 16 0
0 469 7 7 56
1 470 7 7 51
2 468 7 7 64
3 403 7 7 55
4 535 7 7 0
5 1657 7 7 0
0 470 7 8 5
1 471 7 8 51
2 469 7 8 8
3 404 7 8 55
4 536 7 8 0
5 1658 7 8 0
0 471 7 9 5
1 472 7 9 51
2 470 7 9 8
3 405 7 9 55
4 537 7 9 0
5 1659 7 9 0
0 472 7 10 5
1 473 7 10 51
2 471 7 10 8
3 406 7 10 55
4 538 7 10 0
5 1660 7 10 0
0 473 7 11 5
1 474 7 11 51
2 472 7 11 8
3 407 7 11 55
4 539 7 11 0
5 1661 7 11 0
0 474 7 12 5
1 475 7 12 51
2 473 7 12 8
3 408 7 12 55
4 540 7 12 0
5 1662 7 12 0
0 475 7 13 5
1 476 7 13 51
2 474 7 13 8
3 409 7 13 55
4 541 7 13 0
5 1663 7 13 0
0 476 7 14 5
1 477 7 14 51
2 475 7 14 8
3 410 7 14 55
4 542 7 14 0
5 1664 7 14 0
0 477 7 15 5
1 478 7 15 51
2 476 7 15 8
3 411 7 15 55
4 543 7 15 0
5 1665 7 15 0
0 478 7 16 5
1 479 7 16 0
2 477 7 16 8
3 412 7 16 63
4 544 7 16 0
5 1666 7 16 0
0 536 8 8 50
1 537 8 8 45
2 535 8 8 58
3 470 8 8 49
4 602 8 8 0
5 1724 8 8 0
0 537 8 9 5
1 538 8 9 45
2 536 8 9 8
3 471 8 9 49
4 603 8 9 0
5 1725 8 9 0
0 538 8 10 5
1 539 8 10 45
2 537 8 10 8
3 472 8 10 49
4 604 8 10 0
5 1726 8 10 0
0 539 8 11 5
1 540 8 11 45
2 538 8 11 8
3 473 8 11 49
4 605 8 11 0
5 1727 8 11 0
0 540 8 12 5
1 541 8 12 45
2 539 8 12 8
3 474 8 12 49
4 606 8 12 0
5 1728 8 12 0
0 541 8 13 5
1 542 8 13 45
2 540 8 13 8
3 475 8 13 49
4 607 8 13 0
5 1729 8 13 0
0 542 8 14 5
1 543 8 14 45
2 541 8 14 8
3 476 8 14 49
4 608 8 14 0
5 1730 8 14 0
0 543 8 15 5
1 544 8 15 45
2 542 8 15 8
3 477 8 15 49
4 609 8 15 0
5 1731 8 15 0
0 544 8 16 5
1 545 8 16 0
2 543 8 16 8
3 478 8 16 57
4 610 8 16 0
5 1732 8 16 0
0 603 9 9 44
1 604 9 9 39
2 602 9 9 52
3 537 9 9 43
4 669 9 9 0
5 1791 9 9 0
0 604 9 10 5
1 605 9 10 39
2 603 9 10 8
3 538 9 10 43
4 670 9 10 0
5 1792 9 10 0
0 605 9 11 5
1 606 9 11 39
2 604 9 11 8
3 539 9 11 43
4 671 9 11 0
5 1793 9 11 0
0 606 9 12 5
1 607 9 12 39
2 605 9 12 8
3 540 9 12 43
4 672 9 12 0
5 1794 9 12 0
0 607 9 13 5
1 608 9 13 39
2 606 9 13 8
3 541 9 13 43
4 673 9 13 0
5 1795 9 13 0
0 608 9 14 5
1 609 9 14 39
2 607 9 14 8
3 542 9 14 43
4 674 9 14 0
5 1796 9 14 0
0 609 9 15 5
1 610 9 15 39
2 608 9 15 8
3 543 9 15 43
4 675 9 15 0
5 1797 9 15 0
0 610 9 16 5
1 611 9 16 0
2 609 9 16 8
3 544 9 16 51
4 676 9 16 0
5 1798 9 16 0
0 670 10 10 38
1 671 10 10 33
2 669 10 10 46
3 604 10 10 37
4 736 10 10 0
5 1858 10 10 0
0 671 10 11 5
1 672 10 11 33
2 670 10 11 8
3 605 10 11 37
4 737 10 11 0
5 1859 10 11 0
0 672 10 12 5
1 673 10 12 33
2 671 10 12 8
3 606 10 12 37
4 738 10 12 0
5 1860 10 12 0
0 673 10 13 5
1 674 10 13 33
2 672 10 13 8
3 607 10 13 37
4 739 10 13 0
5 1861 10 13 0
0 674 10 14 5
1 675 10 14 33
2 673 10 14 8
3 608 10 14 37
4 740 10 14 0
5 1862 10 14 0
0 675 10 15 5
1 676 10 15 33
2 674 10 15 8
3 609 10 15 37
4 741 10 15 0
5 1863 10 15 0
0 676 10 16 5
1 677 10 16 0
2 675 10 16 8
3 610 10 16 45
4 742 10 16 0
5 1864 10 16 0
0 737 11 11 32
1 738 11 11 27
2 736 11 11 40
3 671 11 11 31
4 803 11 11 0
5 1925 11 11 0
0 738 11 12 5
1 739 11 12 27
2 737 11 12 8
3 672 11 12 31
4 804 11 12 0
5 1926 11 12 0
0 739 11 13 5
1 740 11 13 27
2 738 11 13 8
3 673 11 13 31
4 805 11 13 0
5 1927 11 13 0
0 740 11 14 5
1 741 11 14 27
2 739 11 14 8
3 674 11 14 31
4 806 11 14 0
5 1928 11 14 0
0 741 11 15 5
1 742 11 15 27
2 740 11 15 8
3 675 11 15 31
4 807 11 15 0
5 1929 11 15 0
0 742 11 16 5
1 743 11 16 0
2 741 11 16 8
3 676 11 16 39
4 808 11 16 0
5 1930 11 16 0
0 804 12 12 26
1 805 12 12 21
2 803 12 12 34
3 738 12 12 25
4 870 12 12 0
5 1992 12 12 0
0 805 12 13 5
1 806 12 13 21
2 804 12 13 8
3 739 12 13 25
4 871 12 13 0
5 1993 12 13 0
0 806 12 14 5
1 807 12 14 21
2 805 12 14 8
3 740 12 14 25
4 872 12 14 0
5 1994 12 14 0
0 807 12 15 5
1 808 12 15 21
2 806 12 15 8
3 741 12 15 25
4 873 12 15 0
5 1995 12 15 0
0 808 12 16 5
1 809 12 16 0
2 807 12 16 8
3 742 12 16 33
4 874 12 16 0
5 1996 12 16 0
0 871 13 13 20
1 872 13 13 15
2 870 13 13 28
3 805 13 13 19
4 937 13 13 0
5 2059 13 13 0
0 872 13 14 5
1 873 13 14 15
2 871 13 14 8
3 806 13 14 19
4 938 13 14 0
5 2060 13 14 0
0 873 13 15 5
1 874 13 15 15
2 872 13 15 8
3 807 13 15 19
4 939 13 15 0
5 2061 13 15 0
0 874 13 16 5
1 875 13 16 0
2 873 13 16 8
3 808 13 16 27
4 940 13 16 0
5 2062 13 16 0
0 938 14 14 14
1 939 14 14 9
2 937 14 14 22
3 872 14 14 13
4 1004 14 14 0
5 2126 14 14 0
0 939 14 15 5
1 940 14 15 9
2 938 14 15 8
3 873 14 15 13
4 1005 14 15 0
5 2127 14 15 0
0 940 14 16 5
1 941 14 16 0
2 939 14 16 8
3 874 14 16 21
4 1006 14 16 0
5 2128 14 16 0
0 1005 15 15 8
1 1006 15 15 3
2 1004 15 15 16
3 939 15 15 7
4 1071 15 15 0
5 2193 15 15 0
0 1006 15 16 5
1 1007 15 16 0
2 1005 15 16 8
3 940 15 16 15
4 1072 15 16 0
5 2194 15 16 0
0 1072 16 16 2
1 1073 16 16 0
2 1071 16 16 10
3 1006 16 16 9
4 1138 16 16 0
5 2260 16 16 0
