0 67 1 1 0
1 68 1 1 0
2 66 1 1 0
3 1 1 1 0
4 133 1 1 0
5 463 1 1 0
0 68 1 2 5
1 69 1 2 0
2 67 1 2 8
3 2 1 2 0
4 134 1 2 0
5 464 1 2 0
0 69 1 3 5
1 70 1 3 0
2 68 1 3 8
3 3 1 3 0
4 135 1 3 0
5 465 1 3 0
0 70 1 4 5
1 71 1 4 0
2 69 1 4 8
3 4 1 4 0
4 136 1 4 0
5 466 1 4 0
0 134 2 2 14
1 135 2 2 9
2 133 2 2 22
3 68 2 2 13
4 200 2 2 0
5 530 2 2 0
0 135 2 3 5
1 136 2 3 9
2 134 2 3 8
3 69 2 3 13
4 201 2 3 0
5 531 2 3 0
0 136 2 4 5
1 137 2 4 0
2 135 2 4 8
3 70 2 4 21
4 202 2 4 0
5 532 2 4 0
0 201 3 3 8
1 202 3 3 3
2 200 3 3 16
3 135 3 3 7
4 267 3 3 0
5 597 3 3 0
0 202 3 4 5
1 203 3 4 0
2 201 3 4 8
3 136 3 4 15
4 268 3 4 0
5 598 3 4 0
0 268 4 4 2
1 269 4 4 0
2 267 4 4 10
3 202 4 4 9
4 334 4 4 0
5 664 4 4 0
