0 67 1 1 0
1 68 1 1 0
2 66 1 1 0
3 1 1 1 0
4 133 1 1 0
5 2311 1 1 0
0 68 1 2 5
1 69 1 2 0
2 67 1 2 8
3 2 1 2 0
4 134 1 2 0
5 2312 1 2 0
0 69 1 3 5
1 70 1 3 0
2 68 1 3 8
3 3 1 3 0
4 135 1 3 0
5 2313 1 3 0
0 70 1 4 5
1 71 1 4 0
2 69 1 4 8
3 4 1 4 0
4 136 1 4 0
5 2314 1 4 0
0 71 1 5 5
1 72 1 5 0
2 70 1 5 8
3 5 1 5 0
4 137 1 5 0
5 2315 1 5 0
0 72 1 6 5
1 73 1 6 0
2 71 1 6 8
3 6 1 6 0
4 138 1 6 0
5 2316 1 6 0
0 73 1 7 5
1 74 1 7 0
2 72 1 7 8
3 7 1 7 0
4 139 1 7 0
5 2317 1 7 0
0 74 1 8 5
1 75 1 8 0
2 73 1 8 8
3 8 1 8 0
4 140 1 8 0
5 2318 1 8 0
0 75 1 9 5
1 76 1 9 0
2 74 1 9 8
3 9 1 9 0
4 141 1 9 0
5 2319 1 9 0
0 76 1 10 5
1 77 1 10 0
2 75 1 10 8
3 10 1 10 0
4 142 1 10 0
5 2320 1 10 0
0 77 1 11 5
1 78 1 11 0
2 76 1 11 8
3 11 1 11 0
4 143 1 11 0
5 2321 1 11 0
0 78 1 12 5
1 79 1 12 0
2 77 1 12 8
3 12 1 12 0
4 144 1 12 0
5 2322 1 12 0
0 79 1 13 5
1 80 1 13 0
2 78 1 13 8
3 13 1 13 0
4 145 1 13 0
5 2323 1 13 0
0 80 1 14 5
1 81 1 14 0
2 79 1 14 8
3 14 1 14 0
4 146 1 14 0
5 2324 1 14 0
0 81 1 15 5
1 82 1 15 0
2 80 1 15 8
3 15 1 15 0
4 147 1 15 0
5 2325 1 15 0
0 82 1 16 5
1 83 1 16 0
2 81 1 16 8
3 16 1 16 0
4 148 1 16 0
5 2326 1 16 0
0 83 1 17 5
1 84 1 17 0
2 82 1 17 8
3 17 1 17 0
4 149 1 17 0
5 2327 1 17 0
0 84 1 18 5
1 85 1 18 0
2 83 1 18 8
3 18 1 18 0
4 150 1 18 0
5 2328 1 18 0
0 85 1 19 5
1 86 1 19 0
2 84 1 19 8
3 19 1 19 0
4 151 1 19 0
5 2329 1 19 0
0 86 1 20 5
1 87 1 20 0
2 85 1 20 8
3 20 1 20 0
4 152 1 20 0
5 2330 1 20 0
0 87 1 21 5
1 88 1 21 0
2 86 1 21 8
3 21 1 21 0
4 153 1 21 0
5 2331 1 21 0
0 88 1 22 5
1 89 1 22 0
2 87 1 22 8
3 22 1 22 0
4 154 1 22 0
5 2332 1 22 0
0 89 1 23 5
1 90 1 23 0
2 88 1 23 8
3 23 1 23 0
4 155 1 23 0
5 2333 1 23 0
0 90 1 24 5
1 91 1 24 0
2 89 1 24 8
3 24 1 24 0
4 156 1 24 0
5 2334 1 24 0
0 91 1 25 5
1 92 1 25 0
2 90 1 25 8
3 25 1 25 0
4 157 1 25 0
5 2335 1 25 0
0 92 1 26 5
1 93 1 26 0
2 91 1 26 8
3 26 1 26 0
4 158 1 26 0
5 2336 1 26 0
0 93 1 27 5
1 94 1 27 0
2 92 1 27 8
3 27 1 27 0
4 159 1 27 0
5 2337 1 27 0
0 94 1 28 5
1 95 1 28 0
2 93 1 28 8
3 28 1 28 0
4 160 1 28 0
5 2338 1 28 0
0 95 1 29 5
1 96 1 29 0
2 94 1 29 8
3 29 1 29 0
4 161 1 29 0
5 2339 1 29 0
0 96 1 30 5
1 97 1 30 0
2 95 1 30 8
3 30 1 30 0
4 162 1 30 0
5 2340 1 30 0
0 97 1 31 5
1 98 1 31 0
2 96 1 31 8
3 31 1 31 0
4 163 1 31 0
5 2341 1 31 0
0 98 1 32 5
1 99 1 32 0
2 97 1 32 8
3 32 1 32 0
4 164 1 32 0
5 2342 1 32 0
0 134 2 2 182
1 135 2 2 177
2 133 2 2 190
3 68 2 2 181
4 200 2 2 0
5 2378 2 2 0
0 135 2 3 5
1 136 2 3 177
2 134 2 3 8
3 69 2 3 181
4 201 2 3 0
5 2379 2 3 0
0 136 2 4 5
1 137 2 4 177
2 135 2 4 8
3 70 2 4 181
4 202 2 4 0
5 2380 2 4 0
0 137 2 5 5
1 138 2 5 177
2 136 2 5 8
3 71 2 5 181
4 203 2 5 0
5 2381 2 5 0
0 138 2 6 5
1 139 2 6 177
2 137 2 6 8
3 72 2 6 181
4 204 2 6 0
5 2382 2 6 0
0 139 2 7 5
1 140 2 7 177
2 138 2 7 8
3 73 2 7 181
4 205 2 7 0
5 2383 2 7 0
0 140 2 8 5
1 141 2 8 177
2 139 2 8 8
3 74 2 8 181
4 206 2 8 0
5 2384 2 8 0
0 141 2 9 5
1 142 2 9 177
2 140 2 9 8
3 75 2 9 181
4 207 2 9 0
5 2385 2 9 0
0 142 2 10 5
1 143 2 10 177
2 141 2 10 8
3 76 2 10 181
4 208 2 10 0
5 2386 2 10 0
0 143 2 11 5
1 144 2 11 177
2 142 2 11 8
3 77 2 11 181
4 209 2 11 0
5 2387 2 11 0
0 144 2 12 5
1 145 2 12 177
2 143 2 12 8
3 78 2 12 181
4 210 2 12 0
5 2388 2 12 0
0 145 2 13 5
1 146 2 13 177
2 144 2 13 8
3 79 2 13 181
4 211 2 13 0
5 2389 2 13 0
0 146 2 14 5
1 147 2 14 177
2 145 2 14 8
3 80 2 14 181
4 212 2 14 0
5 2390 2 14 0
0 147 2 15 5
1 148 2 15 177
2 146 2 15 8
3 81 2 15 181
4 213 2 15 0
5 2391 2 15 0
0 148 2 16 5
1 149 2 16 177
2 147 2 16 8
3 82 2 16 181
4 214 2 16 0
5 2392 2 16 0
0 149 2 17 5
1 150 2 17 177
2 148 2 17 8
3 83 2 17 181
4 215 2 17 0
5 2393 2 17 0
0 150 2 18 5
1 151 2 18 177
2 149 2 18 8
3 84 2 18 181
4 216 2 18 0
5 2394 2 18 0
0 151 2 19 5
1 152 2 19 177
2 150 2 19 8
3 85 2 19 181
4 217 2 19 0
5 2395 2 19 0
0 152 2 20 5
1 153 2 20 177
2 151 2 20 8
3 86 2 20 181
4 218 2 20 0
5 2396 2 20 0
0 153 2 21 5
1 154 2 21 177
2 152 2 21 8
3 87 2 21 181
4 219 2 21 0
5 2397 2 21 0
0 154 2 22 5
1 155 2 22 177
2 153 2 22 8
3 88 2 22 181
4 220 2 22 0
5 2398 2 22 0
0 155 2 23 5
1 156 2 23 177
2 154 2 23 8
3 89 2 23 181
4 221 2 23 0
5 2399 2 23 0
0 156 2 24 5
1 157 2 24 177
2 155 2 24 8
3 90 2 24 181
4 222 2 24 0
5 2400 2 24 0
0 157 2 25 5
1 158 2 25 177
2 156 2 25 8
3 91 2 25 181
4 223 2 25 0
5 2401 2 25 0
0 158 2 26 5
1 159 2 26 177
2 157 2 26 8
3 92 2 26 181
4 224 2 26 0
5 2402 2 26 0
0 159 2 27 5
1 160 2 27 177
2 158 2 27 8
3 93 2 27 181
4 225 2 27 0
5 2403 2 27 0
0 160 2 28 5
1 161 2 28 177
2 159 2 28 8
3 94 2 28 181
4 226 2 28 0
5 2404 2 28 0
0 161 2 29 5
1 162 2 29 177
2 160 2 29 8
3 95 2 29 181
4 227 2 29 0
5 2405 2 29 0
0 162 2 30 5
1 163 2 30 177
2 161 2 30 8
3 96 2 30 181
4 228 2 30 0
5 2406 2 30 0
0 163 2 31 5
1 164 2 31 177
2 162 2 31 8
3 97 2 31 181
4 229 2 31 0
5 2407 2 31 0
0 164 2 32 5
1 165 2 32 0
2 163 2 32 8
3 98 2 32 189
4 230 2 32 0
5 2408 2 32 0
0 201 3 3 176
1 202 3 3 171
2 200 3 3 184
3 135 3 3 175
4 267 3 3 0
5 2445 3 3 0
0 202 3 4 5
1 203 3 4 171
2 201 3 4 8
3 136 3 4 175
4 268 3 4 0
5 2446 3 4 0
0 203 3 5 5
1 204 3 5 171
2 202 3 5 8
3 137 3 5 175
4 269 3 5 0
5 2447 3 5 0
0 204 3 6 5
1 205 3 6 171
2 203 3 6 8
3 138 3 6 175
4 270 3 6 0
5 2448 3 6 0
0 205 3 7 5
1 206 3 7 171
2 204 3 7 8
3 139 3 7 175
4 271 3 7 0
5 2449 3 7 0
0 206 3 8 5
1 207 3 8 171
2 205 3 8 8
3 140 3 8 175
4 272 3 8 0
5 2450 3 8 0
0 207 3 9 5
1 208 3 9 171
2 206 3 9 8
3 141 3 9 175
4 273 3 9 0
5 2451 3 9 0
0 208 3 10 5
1 209 3 10 171
2 207 3 10 8
3 142 3 10 175
4 274 3 10 0
5 2452 3 10 0
0 209 3 11 5
1 210 3 11 171
2 208 3 11 8
3 143 3 11 175
4 275 3 11 0
5 2453 3 11 0
0 210 3 12 5
1 211 3 12 171
2 209 3 12 8
3 144 3 12 175
4 276 3 12 0
5 2454 3 12 0
0 211 3 13 5
1 212 3 13 171
2 210 3 13 8
3 145 3 13 175
4 277 3 13 0
5 2455 3 13 0
0 212 3 14 5
1 213 3 14 171
2 211 3 14 8
3 146 3 14 175
4 278 3 14 0
5 2456 3 14 0
0 213 3 15 5
1 214 3 15 171
2 212 3 15 8
3 147 3 15 175
4 279 3 15 0
5 2457 3 15 0
0 214 3 16 5
1 215 3 16 171
2 213 3 16 8
3 148 3 16 175
4 280 3 16 0
5 2458 3 16 0
0 215 3 17 5
1 216 3 17 171
2 214 3 17 8
3 149 3 17 175
4 281 3 17 0
5 2459 3 17 0
0 216 3 18 5
1 217 3 18 171
2 215 3 18 8
3 150 3 18 175
4 282 3 18 0
5 2460 3 18 0
0 217 3 19 5
1 218 3 19 171
2 216 3 19 8
3 151 3 19 175
4 283 3 19 0
5 2461 3 19 0
0 218 3 20 5
1 219 3 20 171
2 217 3 20 8
3 152 3 20 175
4 284 3 20 0
5 2462 3 20 0
0 219 3 21 5
1 220 3 21 171
2 218 3 21 8
3 153 3 21 175
4 285 3 21 0
5 2463 3 21 0
0 220 3 22 5
1 221 3 22 171
2 219 3 22 8
3 154 3 22 175
4 286 3 22 0
5 2464 3 22 0
0 221 3 23 5
1 222 3 23 171
2 220 3 23 8
3 155 3 23 175
4 287 3 23 0
5 2465 3 23 0
0 222 3 24 5
1 223 3 24 171
2 221 3 24 8
3 156 3 24 175
4 288 3 24 0
5 2466 3 24 0
0 223 3 25 5
1 224 3 25 171
2 222 3 25 8
3 157 3 25 175
4 289 3 25 0
5 2467 3 25 0
0 224 3 26 5
1 225 3 26 171
2 223 3 26 8
3 158 3 26 175
4 290 3 26 0
5 2468 3 26 0
0 225 3 27 5
1 226 3 27 171
2 224 3 27 8
3 159 3 27 175
4 291 3 27 0
5 2469 3 27 0
0 226 3 28 5
1 227 3 28 171
2 225 3 28 8
3 160 3 28 175
4 292 3 28 0
5 2470 3 28 0
0 227 3 29 5
1 228 3 29 171
2 226 3 29 8
3 161 3 29 175
4 293 3 29 0
5 2471 3 29 0
0 228 3 30 5
1 229 3 30 171
2 227 3 30 8
3 162 3 30 175
4 294 3 30 0
5 2472 3 30 0
0 229 3 31 5
1 230 3 31 171
2 228 3 31 8
3 163 3 31 175
4 295 3 31 0
5 2473 3 31 0
0 230 3 32 5
1 231 3 32 0
2 229 3 32 8
3 164 3 32 183
4 296 3 32 0
5 2474 3 32 0
0 268 4 4 170
1 269 4 4 165
2 267 4 4 178
3 202 4 4 169
4 334 4 4 0
5 2512 4 4 0
0 269 4 5 5
1 270 4 5 165
2 268 4 5 8
3 203 4 5 169
4 335 4 5 0
5 2513 4 5 0
0 270 4 6 5
1 271 4 6 165
2 269 4 6 8
3 204 4 6 169
4 336 4 6 0
5 2514 4 6 0
0 271 4 7 5
1 272 4 7 165
2 270 4 7 8
3 205 4 7 169
4 337 4 7 0
5 2515 4 7 0
0 272 4 8 5
1 273 4 8 165
2 271 4 8 8
3 206 4 8 169
4 338 4 8 0
5 2516 4 8 0
0 273 4 9 5
1 274 4 9 165
2 272 4 9 8
3 207 4 9 169
4 339 4 9 0
5 2517 4 9 0
0 274 4 10 5
1 275 4 10 165
2 273 4 10 8
3 208 4 10 169
4 340 4 10 0
5 2518 4 10 0
0 275 4 11 5
1 276 4 11 165
2 274 4 11 8
3 209 4 11 169
4 341 4 11 0
5 2519 4 11 0
0 276 4 12 5
1 277 4 12 165
2 275 4 12 8
3 210 4 12 169
4 342 4 12 0
5 2520 4 12 0
0 277 4 13 5
1 278 4 13 165
2 276 4 13 8
3 211 4 13 169
4 343 4 13 0
5 2521 4 13 0
0 278 4 14 5
1 279 4 14 165
2 277 4 14 8
3 212 4 14 169
4 344 4 14 0
5 2522 4 14 0
0 279 4 15 5
1 280 4 15 165
2 278 4 15 8
3 213 4 15 169
4 345 4 15 0
5 2523 4 15 0
0 280 4 16 5
1 281 4 16 165
2 279 4 16 8
3 214 4 16 169
4 346 4 16 0
5 2524 4 16 0
0 281 4 17 5
1 282 4 17 165
2 280 4 17 8
3 215 4 17 169
4 347 4 17 0
5 2525 4 17 0
0 282 4 18 5
1 283 4 18 165
2 281 4 18 8
3 216 4 18 169
4 348 4 18 0
5 2526 4 18 0
0 283 4 19 5
1 284 4 19 165
2 282 4 19 8
3 217 4 19 169
4 349 4 19 0
5 2527 4 19 0
0 284 4 20 5
1 285 4 20 165
2 283 4 20 8
3 218 4 20 169
4 350 4 20 0
5 2528 4 20 0
0 285 4 21 5
1 286 4 21 165
2 284 4 21 8
3 219 4 21 169
4 351 4 21 0
5 2529 4 21 0
0 286 4 22 5
1 287 4 22 165
2 285 4 22 8
3 220 4 22 169
4 352 4 22 0
5 2530 4 22 0
0 287 4 23 5
1 288 4 23 165
2 286 4 23 8
3 221 4 23 169
4 353 4 23 0
5 2531 4 23 0
0 288 4 24 5
1 289 4 24 165
2 287 4 24 8
3 222 4 24 169
4 354 4 24 0
5 2532 4 24 0
0 289 4 25 5
1 290 4 25 165
2 288 4 25 8
3 223 4 25 169
4 355 4 25 0
5 2533 4 25 0
0 290 4 26 5
1 291 4 26 165
2 289 4 26 8
3 224 4 26 169
4 356 4 26 0
5 2534 4 26 0
0 291 4 27 5
1 292 4 27 165
2 290 4 27 8
3 225 4 27 169
4 357 4 27 0
5 2535 4 27 0
0 292 4 28 5
1 293 4 28 165
2 291 4 28 8
3 226 4 28 169
4 358 4 28 0
5 2536 4 28 0
0 293 4 29 5
1 294 4 29 165
2 292 4 29 8
3 227 4 29 169
4 359 4 29 0
5 2537 4 29 0
0 294 4 30 5
1 295 4 30 165
2 293 4 30 8
3 228 4 30 169
4 360 4 30 0
5 2538 4 30 0
0 295 4 31 5
1 296 4 31 165
2 294 4 31 8
3 229 4 31 169
4 361 4 31 0
5 2539 4 31 0
0 296 4 32 5
1 297 4 32 0
2 295 4 32 8
3 230 4 32 177
4 362 4 32 0
5 2540 4 32 0
0 335 5 5 164
1 336 5 5 159
2 334 5 5 172
3 269 5 5 163
4 401 5 5 0
5 2579 5 5 0
0 336 5 6 5
1 337 5 6 159
2 335 5 6 8
3 270 5 6 163
4 402 5 6 0
5 2580 5 6 0
0 337 5 7 5
1 338 5 7 159
2 336 5 7 8
3 271 5 7 163
4 403 5 7 0
5 2581 5 7 0
0 338 5 8 5
1 339 5 8 159
2 337 5 8 8
3 272 5 8 163
4 404 5 8 0
5 2582 5 8 0
0 339 5 9 5
1 340 5 9 159
2 338 5 9 8
3 273 5 9 163
4 405 5 9 0
5 2583 5 9 0
0 340 5 10 5
1 341 5 10 159
2 339 5 10 8
3 274 5 10 163
4 406 5 10 0
5 2584 5 10 0
0 341 5 11 5
1 342 5 11 159
2 340 5 11 8
3 275 5 11 163
4 407 5 11 0
5 2585 5 11 0
0 342 5 12 5
1 343 5 12 159
2 341 5 12 8
3 276 5 12 163
4 408 5 12 0
5 2586 5 12 0
0 343 5 13 5
1 344 5 13 159
2 342 5 13 8
3 277 5 13 163
4 409 5 13 0
5 2587 5 13 0
0 344 5 14 5
1 345 5 14 159
2 343 5 14 8
3 278 5 14 163
4 410 5 14 0
5 2588 5 14 0
0 345 5 15 5
1 346 5 15 159
2 344 5 15 8
3 279 5 15 163
4 411 5 15 0
5 2589 5 15 0
0 346 5 16 5
1 347 5 16 159
2 345 5 16 8
3 280 5 16 163
4 412 5 16 0
5 2590 5 16 0
0 347 5 17 5
1 348 5 17 159
2 346 5 17 8
3 281 5 17 163
4 413 5 17 0
5 2591 5 17 0
0 348 5 18 5
1 349 5 18 159
2 347 5 18 8
3 282 5 18 163
4 414 5 18 0
5 2592 5 18 0
0 349 5 19 5
1 350 5 19 159
2 348 5 19 8
3 283 5 19 163
4 415 5 19 0
5 2593 5 19 0
0 350 5 20 5
1 351 5 20 159
2 349 5 20 8
3 284 5 20 163
4 416 5 20 0
5 2594 5 20 0
0 351 5 21 5
1 352 5 21 159
2 350 5 21 8
3 285 5 21 163
4 417 5 21 0
5 2595 5 21 0
0 352 5 22 5
1 353 5 22 159
2 351 5 22 8
3 286 5 22 163
4 418 5 22 0
5 2596 5 22 0
0 353 5 23 5
1 354 5 23 159
2 352 5 23 8
3 287 5 23 163
4 419 5 23 0
5 2597 5 23 0
0 354 5 24 5
1 355 5 24 159
2 353 5 24 8
3 288 5 24 163
4 420 5 24 0
5 2598 5 24 0
0 355 5 25 5
1 356 5 25 159
2 354 5 25 8
3 289 5 25 163
4 421 5 25 0
5 2599 5 25 0
0 356 5 26 5
1 357 5 26 159
2 355 5 26 8
3 290 5 26 163
4 422 5 26 0
5 2600 5 26 0
0 357 5 27 5
1 358 5 27 159
2 356 5 27 8
3 291 5 27 163
4 423 5 27 0
5 2601 5 27 0
0 358 5 28 5
1 359 5 28 159
2 357 5 28 8
3 292 5 28 163
4 424 5 28 0
5 2602 5 28 0
0 359 5 29 5
1 360 5 29 159
2 358 5 29 8
3 293 5 29 163
4 425 5 29 0
5 2603 5 29 0
0 360 5 30 5
1 361 5 30 159
2 359 5 30 8
3 294 5 30 163
4 426 5 30 0
5 2604 5 30 0
0 361 5 31 5
1 362 5 31 159
2 360 5 31 8
3 295 5 31 163
4 427 5 31 0
5 2605 5 31 0
0 362 5 32 5
1 363 5 32 0
2 361 5 32 8
3 296 5 32 171
4 428 5 32 0
5 2606 5 32 0
0 402 6 6 158
1 403 6 6 153
2 401 6 6 166
3 336 6 6 157
4 468 6 6 0
5 2646 6 6 0
0 403 6 7 5
1 404 6 7 153
2 402 6 7 8
3 337 6 7 157
4 469 6 7 0
5 2647 6 7 0
0 404 6 8 5
1 405 6 8 153
2 403 6 8 8
3 338 6 8 157
4 470 6 8 0
5 2648 6 8 0
0 405 6 9 5
1 406 6 9 153
2 404 6 9 8
3 339 6 9 157
4 471 6 9 0
5 2649 6 9 0
0 406 6 10 5
1 407 6 10 153
2 405 6 10 8
3 340 6 10 157
4 472 6 10 0
5 2650 6 10 0
0 407 6 11 5
1 408 6 11 153
2 406 6 11 8
3 341 6 11 157
4 473 6 11 0
5 2651 6 11 0
0 408 6 12 5
1 409 6 12 153
2 407 6 12 8
3 342 6 12 157
4 474 6 12 0
5 2652 6 12 0
0 409 6 13 5
1 410 6 13 153
2 408 6 13 8
3 343 6 13 157
4 475 6 13 0
5 2653 6 13 0
0 410 6 14 5
1 411 6 14 153
2 409 6 14 8
3 344 6 14 157
4 476 6 14 0
5 2654 6 14 0
0 411 6 15 5
1 412 6 15 153
2 410 6 15 8
3 345 6 15 157
4 477 6 15 0
5 2655 6 15 0
0 412 6 16 5
1 413 6 16 153
2 411 6 16 8
3 346 6 16 157
4 478 6 16 0
5 2656 6 16 0
0 413 6 17 5
1 414 6 17 153
2 412 6 17 8
3 347 6 17 157
4 479 6 17 0
5 2657 6 17 0
0 414 6 18 5
1 415 6 18 153
2 413 6 18 8
3 348 6 18 157
4 480 6 18 0
5 2658 6 18 0
0 415 6 19 5
1 416 6 19 153
2 414 6 19 8
3 349 6 19 157
4 481 6 19 0
5 2659 6 19 0
0 416 6 20 5
1 417 6 20 153
2 415 6 20 8
3 350 6 20 157
4 482 6 20 0
5 2660 6 20 0
0 417 6 21 5
1 418 6 21 153
2 416 6 21 8
3 351 6 21 157
4 483 6 21 0
5 2661 6 21 0
0 418 6 22 5
1 419 6 22 153
2 417 6 22 8
3 352 6 22 157
4 484 6 22 0
5 2662 6 22 0
0 419 6 23 5
1 420 6 23 153
2 418 6 23 8
3 353 6 23 157
4 485 6 23 0
5 2663 6 23 0
0 420 6 24 5
1 421 6 24 153
2 419 6 24 8
3 354 6 24 157
4 486 6 24 0
5 2664 6 24 0
0 421 6 25 5
1 422 6 25 153
2 420 6 25 8
3 355 6 25 157
4 487 6 25 0
5 2665 6 25 0
0 422 6 26 5
1 423 6 26 153
2 421 6 26 8
3 356 6 26 157
4 488 6 26 0
5 2666 6 26 0
0 423 6 27 5
1 424 6 27 153
2 422 6 27 8
3 357 6 27 157
4 489 6 27 0
5 2667 6 27 0
0 424 6 28 5
1 425 6 28 153
2 423 6 28 8
3 358 6 28 157
4 490 6 28 0
5 2668 6 28 0
0 425 6 29 5
1 426 6 29 153
2 424 6 29 8
3 359 6 29 157
4 491 6 29 0
5 2669 6 29 0
0 426 6 30 5
1 427 6 30 153
2 425 6 30 8
3 360 6 30 157
4 492 6 30 0
5 2670 6 30 0
0 427 6 31 5
1 428 6 31 153
2 426 6 31 8
3 361 6 31 157
4 493 6 31 0
5 2671 6 31 0
0 428 6 32 5
1 429 6 32 0
2 427 6 32 8
3 362 6 32 165
4 494 6 32 0
5 2672 6 32 0
0 469 7 7 152
1 470 7 7 147
2 468 7 7 160
3 403 7 7 151
4 535 7 7 0
5 2713 7 7 0
0 470 7 8 5
1 471 7 8 147
2 469 7 8 8
3 404 7 8 151
4 536 7 8 0
5 2714 7 8 0
0 471 7 9 5
1 472 7 9 147
2 470 7 9 8
3 405 7 9 151
4 537 7 9 0
5 2715 7 9 0
0 472 7 10 5
1 473 7 10 147
2 471 7 10 8
3 406 7 10 151
4 538 7 10 0
5 2716 7 10 0
0 473 7 11 5
1 474 7 11 147
2 472 7 11 8
3 407 7 11 151
4 539 7 11 0
5 2717 7 11 0
0 474 7 12 5
1 475 7 12 147
2 473 7 12 8
3 408 7 12 151
4 540 7 12 0
5 2718 7 12 0
0 475 7 13 5
1 476 7 13 147
2 474 7 13 8
3 409 7 13 151
4 541 7 13 0
5 2719 7 13 0
0 476 7 14 5
1 477 7 14 147
2 475 7 14 8
3 410 7 14 151
4 542 7 14 0
5 2720 7 14 0
0 477 7 15 5
1 478 7 15 147
2 476 7 15 8
3 411 7 15 151
4 543 7 15 0
5 2721 7 15 0
0 478 7 16 5
1 479 7 16 147
2 477 7 16 8
3 412 7 16 151
4 544 7 16 0
5 2722 7 16 0
0 479 7 17 5
1 480 7 17 147
2 478 7 17 8
3 413 7 17 151
4 545 7 17 0
5 2723 7 17 0
0 480 7 18 5
1 481 7 18 147
2 479 7 18 8
3 414 7 18 151
4 546 7 18 0
5 2724 7 18 0
0 481 7 19 5
1 482 7 19 147
2 480 7 19 8
3 415 7 19 151
4 547 7 19 0
5 2725 7 19 0
0 482 7 20 5
1 483 7 20 147
2 481 7 20 8
3 416 7 20 151
4 548 7 20 0
5 2726 7 20 0
0 483 7 21 5
1 484 7 21 147
2 482 7 21 8
3 417 7 21 151
4 549 7 21 0
5 2727 7 21 0
0 484 7 22 5
1 485 7 22 147
2 483 7 22 8
3 418 7 22 151
4 550 7 22 0
5 2728 7 22 0
0 485 7 23 5
1 486 7 23 147
2 484 7 23 8
3 419 7 23 151
4 551 7 23 0
5 2729 7 23 0
0 486 7 24 5
1 487 7 24 147
2 485 7 24 8
3 420 7 24 151
4 552 7 24 0
5 2730 7 24 0
0 487 7 25 5
1 488 7 25 147
2 486 7 25 8
3 421 7 25 151
4 553 7 25 0
5 2731 7 25 0
0 488 7 26 5
1 489 7 26 147
2 487 7 26 8
3 422 7 26 151
4 554 7 26 0
5 2732 7 26 0
0 489 7 27 5
1 490 7 27 147
2 488 7 27 8
3 423 7 27 151
4 555 7 27 0
5 2733 7 27 0
0 490 7 28 5
1 491 7 28 147
2 489 7 28 8
3 424 7 28 151
4 556 7 28 0
5 2734 7 28 0
0 491 7 29 5
1 492 7 29 147
2 490 7 29 8
3 425 7 29 151
4 557 7 29 0
5 2735 7 29 0
0 492 7 30 5
1 493 7 30 147
2 491 7 30 8
3 426 7 30 151
4 558 7 30 0
5 2736 7 30 0
0 493 7 31 5
1 494 7 31 147
2 492 7 31 8
3 427 7 31 151
4 559 7 31 0
5 2737 7 31 0
0 494 7 32 5
1 495 7 32 0
2 493 7 32 8
3 428 7 32 159
4 560 7 32 0
5 2738 7 32 0
0 536 8 8 146
1 537 8 8 141
2 535 8 8 154
3 470 8 8 145
4 602 8 8 0
5 2780 8 8 0
0 537 8 9 5
1 538 8 9 141
2 536 8 9 8
3 471 8 9 145
4 603 8 9 0
5 2781 8 9 0
0 538 8 10 5
1 539 8 10 141
2 537 8 10 8
3 472 8 10 145
4 604 8 10 0
5 2782 8 10 0
0 539 8 11 5
1 540 8 11 141
2 538 8 11 8
3 473 8 11 145
4 605 8 11 0
5 2783 8 11 0
0 540 8 12 5
1 541 8 12 141
2 539 8 12 8
3 474 8 12 145
4 606 8 12 0
5 2784 8 12 0
0 541 8 13 5
1 542 8 13 141
2 540 8 13 8
3 475 8 13 145
4 607 8 13 0
5 2785 8 13 0
0 542 8 14 5
1 543 8 14 141
2 541 8 14 8
3 476 8 14 145
4 608 8 14 0
5 2786 8 14 0
0 543 8 15 5
1 544 8 15 141
2 542 8 15 8
3 477 8 15 145
4 609 8 15 0
5 2787 8 15 0
0 544 8 16 5
1 545 8 16 141
2 543 8 16 8
3 478 8 16 145
4 610 8 16 0
5 2788 8 16 0
0 545 8 17 5
1 546 8 17 141
2 544 8 17 8
3 479 8 17 145
4 611 8 17 0
5 2789 8 17 0
0 546 8 18 5
1 547 8 18 141
2 545 8 18 8
3 480 8 18 145
4 612 8 18 0
5 2790 8 18 0
0 547 8 19 5
1 548 8 19 141
2 546 8 19 8
3 481 8 19 145
4 613 8 19 0
5 2791 8 19 0
0 548 8 20 5
1 549 8 20 141
2 547 8 20 8
3 482 8 20 145
4 614 8 20 0
5 2792 8 20 0
0 549 8 21 5
1 550 8 21 141
2 548 8 21 8
3 483 8 21 145
4 615 8 21 0
5 2793 8 21 0
0 550 8 22 5
1 551 8 22 141
2 549 8 22 8
3 484 8 22 145
4 616 8 22 0
5 2794 8 22 0
0 551 8 23 5
1 552 8 23 141
2 550 8 23 8
3 485 8 23 145
4 617 8 23 0
5 2795 8 23 0
0 552 8 24 5
1 553 8 24 141
2 551 8 24 8
3 486 8 24 145
4 618 8 24 0
5 2796 8 24 0
0 553 8 25 5
1 554 8 25 141
2 552 8 25 8
3 487 8 25 145
4 619 8 25 0
5 2797 8 25 0
0 554 8 26 5
1 555 8 26 141
2 553 8 26 8
3 488 8 26 145
4 620 8 26 0
5 2798 8 26 0
0 555 8 27 5
1 556 8 27 141
2 554 8 27 8
3 489 8 27 145
4 621 8 27 0
5 2799 8 27 0
0 556 8 28 5
1 557 8 28 141
2 555 8 28 8
3 490 8 28 145
4 622 8 28 0
5 2800 8 28 0
0 557 8 29 5
1 558 8 29 141
2 556 8 29 8
3 491 8 29 145
4 623 8 29 0
5 2801 8 29 0
0 558 8 30 5
1 559 8 30 141
2 557 8 30 8
3 492 8 30 145
4 624 8 30 0
5 2802 8 30 0
0 559 8 31 5
1 560 8 31 141
2 558 8 31 8
3 493 8 31 145
4 625 8 31 0
5 2803 8 31 0
0 560 8 32 5
1 561 8 32 0
2 559 8 32 8
3 494 8 32 153
4 626 8 32 0
5 2804 8 32 0
0 603 9 9 140
1 604 9 9 135
2 602 9 9 148
3 537 9 9 139
4 669 9 9 0
5 2847 9 9 0
0 604 9 10 5
1 605 9 10 135
2 603 9 10 8
3 538 9 10 139
4 670 9 10 0
5 2848 9 10 0
0 605 9 11 5
1 606 9 11 135
2 604 9 11 8
3 539 9 11 139
4 671 9 11 0
5 2849 9 11 0
0 606 9 12 5
1 607 9 12 135
2 605 9 12 8
3 540 9 12 139
4 672 9 12 0
5 2850 9 12 0
0 607 9 13 5
1 608 9 13 135
2 606 9 13 8
3 541 9 13 139
4 673 9 13 0
5 2851 9 13 0
0 608 9 14 5
1 609 9 14 135
2 607 9 14 8
3 542 9 14 139
4 674 9 14 0
5 2852 9 14 0
0 609 9 15 5
1 610 9 15 135
2 608 9 15 8
3 543 9 15 139
4 675 9 15 0
5 2853 9 15 0
0 610 9 16 5
1 611 9 16 135
2 609 9 16 8
3 544 9 16 139
4 676 9 16 0
5 2854 9 16 0
0 611 9 17 5
1 612 9 17 135
2 610 9 17 8
3 545 9 17 139
4 677 9 17 0
5 2855 9 17 0
0 612 9 18 5
1 613 9 18 135
2 611 9 18 8
3 546 9 18 139
4 678 9 18 0
5 2856 9 18 0
0 613 9 19 5
1 614 9 19 135
2 612 9 19 8
3 547 9 19 139
4 679 9 19 0
5 2857 9 19 0
0 614 9 20 5
1 615 9 20 135
2 613 9 20 8
3 548 9 20 139
4 680 9 20 0
5 2858 9 20 0
0 615 9 21 5
1 616 9 21 135
2 614 9 21 8
3 549 9 21 139
4 681 9 21 0
5 2859 9 21 0
0 616 9 22 5
1 617 9 22 135
2 615 9 22 8
3 550 9 22 139
4 682 9 22 0
5 2860 9 22 0
0 617 9 23 5
1 618 9 23 135
2 616 9 23 8
3 551 9 23 139
4 683 9 23 0
5 2861 9 23 0
0 618 9 24 5
1 619 9 24 135
2 617 9 24 8
3 552 9 24 139
4 684 9 24 0
5 2862 9 24 0
0 619 9 25 5
1 620 9 25 135
2 618 9 25 8
3 553 9 25 139
4 685 9 25 0
5 2863 9 25 0
0 620 9 26 5
1 621 9 26 135
2 619 9 26 8
3 554 9 26 139
4 686 9 26 0
5 2864 9 26 0
0 621 9 27 5
1 622 9 27 135
2 620 9 27 8
3 555 9 27 139
4 687 9 27 0
5 2865 9 27 0
0 622 9 28 5
1 623 9 28 135
2 621 9 28 8
3 556 9 28 139
4 688 9 28 0
5 2866 9 28 0
0 623 9 29 5
1 624 9 29 135
2 622 9 29 8
3 557 9 29 139
4 689 9 29 0
5 2867 9 29 0
0 624 9 30 5
1 625 9 30 135
2 623 9 30 8
3 558 9 30 139
4 690 9 30 0
5 2868 9 30 0
0 625 9 31 5
1 626 9 31 135
2 624 9 31 8
3 559 9 31 139
4 691 9 31 0
5 2869 9 31 0
0 626 9 32 5
1 627 9 32 0
2 625 9 32 8
3 560 9 32 147
4 692 9 32 0
5 2870 9 32 0
0 670 10 10 134
1 671 10 10 129
2 669 10 10 142
3 604 10 10 133
4 736 10 10 0
5 2914 10 10 0
0 671 10 11 5
1 672 10 11 129
2 670 10 11 8
3 605 10 11 133
4 737 10 11 0
5 2915 10 11 0
0 672 10 12 5
1 673 10 12 129
2 671 10 12 8
3 606 10 12 133
4 738 10 12 0
5 2916 10 12 0
0 673 10 13 5
1 674 10 13 129
2 672 10 13 8
3 607 10 13 133
4 739 10 13 0
5 2917 10 13 0
0 674 10 14 5
1 675 10 14 129
2 673 10 14 8
3 608 10 14 133
4 740 10 14 0
5 2918 10 14 0
0 675 10 15 5
1 676 10 15 129
2 674 10 15 8
3 609 10 15 133
4 741 10 15 0
5 2919 10 15 0
0 676 10 16 5
1 677 10 16 129
2 675 10 16 8
3 610 10 16 133
4 742 10 16 0
5 2920 10 16 0
0 677 10 17 5
1 678 10 17 129
2 676 10 17 8
3 611 10 17 133
4 743 10 17 0
5 2921 10 17 0
0 678 10 18 5
1 679 10 18 129
2 677 10 18 8
3 612 10 18 133
4 744 10 18 0
5 2922 10 18 0
0 679 10 19 5
1 680 10 19 129
2 678 10 19 8
3 613 10 19 133
4 745 10 19 0
5 2923 10 19 0
0 680 10 20 5
1 681 10 20 129
2 679 10 20 8
3 614 10 20 133
4 746 10 20 0
5 2924 10 20 0
0 681 10 21 5
1 682 10 21 129
2 680 10 21 8
3 615 10 21 133
4 747 10 21 0
5 2925 10 21 0
0 682 10 22 5
1 683 10 22 129
2 681 10 22 8
3 616 10 22 133
4 748 10 22 0
5 2926 10 22 0
0 683 10 23 5
1 684 10 23 129
2 682 10 23 8
3 617 10 23 133
4 749 10 23 0
5 2927 10 23 0
0 684 10 24 5
1 685 10 24 129
2 683 10 24 8
3 618 10 24 133
4 750 10 24 0
5 2928 10 24 0
0 685 10 25 5
1 686 10 25 129
2 684 10 25 8
3 619 10 25 133
4 751 10 25 0
5 2929 10 25 0
0 686 10 26 5
1 687 10 26 129
2 685 10 26 8
3 620 10 26 133
4 752 10 26 0
5 2930 10 26 0
0 687 10 27 5
1 688 10 27 129
2 686 10 27 8
3 621 10 27 133
4 753 10 27 0
5 2931 10 27 0
0 688 10 28 5
1 689 10 28 129
2 687 10 28 8
3 622 10 28 133
4 754 10 28 0
5 2932 10 28 0
0 689 10 29 5
1 690 10 29 129
2 688 10 29 8
3 623 10 29 133
4 755 10 29 0
5 2933 10 29 0
0 690 10 30 5
1 691 10 30 129
2 689 10 30 8
3 624 10 30 133
4 756 10 30 0
5 2934 10 30 0
0 691 10 31 5
1 692 10 31 129
2 690 10 31 8
3 625 10 31 133
4 757 10 31 0
5 2935 10 31 0
0 692 10 32 5
1 693 10 32 0
2 691 10 32 8
3 626 10 32 141
4 758 10 32 0
5 2936 10 32 0
0 737 11 11 128
1 738 11 11 123
2 736 11 11 136
3 671 11 11 127
4 803 11 11 0
5 2981 11 11 0
0 738 11 12 5
1 739 11 12 123
2 737 11 12 8
3 672 11 12 127
4 804 11 12 0
5 2982 11 12 0
0 739 11 13 5
1 740 11 13 123
2 738 11 13 8
3 673 11 13 127
4 805 11 13 0
5 2983 11 13 0
0 740 11 14 5
1 741 11 14 123
2 739 11 14 8
3 674 11 14 127
4 806 11 14 0
5 2984 11 14 0
0 741 11 15 5
1 742 11 15 123
2 740 11 15 8
3 675 11 15 127
4 807 11 15 0
5 2985 11 15 0
0 742 11 16 5
1 743 11 16 123
2 741 11 16 8
3 676 11 16 127
4 808 11 16 0
5 2986 11 16 0
0 743 11 17 5
1 744 11 17 123
2 742 11 17 8
3 677 11 17 127
4 809 11 17 0
5 2987 11 17 0
0 744 11 18 5
1 745 11 18 123
2 743 11 18 8
3 678 11 18 127
4 810 11 18 0
5 2988 11 18 0
0 745 11 19 5
1 746 11 19 123
2 744 11 19 8
3 679 11 19 127
4 811 11 19 0
5 2989 11 19 0
0 746 11 20 5
1 747 11 20 123
2 745 11 20 8
3 680 11 20 127
4 812 11 20 0
5 2990 11 20 0
0 747 11 21 5
1 748 11 21 123
2 746 11 21 8
3 681 11 21 127
4 813 11 21 0
5 2991 11 21 0
0 748 11 22 5
1 749 11 22 123
2 747 11 22 8
3 682 11 22 127
4 814 11 22 0
5 2992 11 22 0
0 749 11 23 5
1 750 11 23 123
2 748 11 23 8
3 683 11 23 127
4 815 11 23 0
5 2993 11 23 0
0 750 11 24 5
1 751 11 24 123
2 749 11 24 8
3 684 11 24 127
4 816 11 24 0
5 2994 11 24 0
0 751 11 25 5
1 752 11 25 123
2 750 11 25 8
3 685 11 25 127
4 817 11 25 0
5 2995 11 25 0
0 752 11 26 5
1 753 11 26 123
2 751 11 26 8
3 686 11 26 127
4 818 11 26 0
5 2996 11 26 0
0 753 11 27 5
1 754 11 27 123
2 752 11 27 8
3 687 11 27 127
4 819 11 27 0
5 2997 11 27 0
0 754 11 28 5
1 755 11 28 123
2 753 11 28 8
3 688 11 28 127
4 820 11 28 0
5 2998 11 28 0
0 755 11 29 5
1 756 11 29 123
2 754 11 29 8
3 689 11 29 127
4 821 11 29 0
5 2999 11 29 0
0 756 11 30 5
1 757 11 30 123
2 755 11 30 8
3 690 11 30 127
4 822 11 30 0
5 3000 11 30 0
0 757 11 31 5
1 758 11 31 123
2 756 11 31 8
3 691 11 31 127
4 823 11 31 0
5 3001 11 31 0
0 758 11 32 5
1 759 11 32 0
2 757 11 32 8
3 692 11 32 135
4 824 11 32 0
5 3002 11 32 0
0 804 12 12 122
1 805 12 12 117
2 803 12 12 130
3 738 12 12 121
4 870 12 12 0
5 3048 12 12 0
0 805 12 13 5
1 806 12 13 117
2 804 12 13 8
3 739 12 13 121
4 871 12 13 0
5 3049 12 13 0
0 806 12 14 5
1 807 12 14 117
2 805 12 14 8
3 740 12 14 121
4 872 12 14 0
5 3050 12 14 0
0 807 12 15 5
1 808 12 15 117
2 806 12 15 8
3 741 12 15 121
4 873 12 15 0
5 3051 12 15 0
0 808 12 16 5
1 809 12 16 117
2 807 12 16 8
3 742 12 16 121
4 874 12 16 0
5 3052 12 16 0
0 809 12 17 5
1 810 12 17 117
2 808 12 17 8
3 743 12 17 121
4 875 12 17 0
5 3053 12 17 0
0 810 12 18 5
1 811 12 18 117
2 809 12 18 8
3 744 12 18 121
4 876 12 18 0
5 3054 12 18 0
0 811 12 19 5
1 812 12 19 117
2 810 12 19 8
3 745 12 19 121
4 877 12 19 0
5 3055 12 19 0
0 812 12 20 5
1 813 12 20 117
2 811 12 20 8
3 746 12 20 121
4 878 12 20 0
5 3056 12 20 0
0 813 12 21 5
1 814 12 21 117
2 812 12 21 8
3 747 12 21 121
4 879 12 21 0
5 3057 12 21 0
0 814 12 22 5
1 815 12 22 117
2 813 12 22 8
3 748 12 22 121
4 880 12 22 0
5 3058 12 22 0
0 815 12 23 5
1 816 12 23 117
2 814 12 23 8
3 749 12 23 121
4 881 12 23 0
5 3059 12 23 0
0 816 12 24 5
1 817 12 24 117
2 815 12 24 8
3 750 12 24 121
4 882 12 24 0
5 3060 12 24 0
0 817 12 25 5
1 818 12 25 117
2 816 12 25 8
3 751 12 25 121
4 883 12 25 0
5 3061 12 25 0
0 818 12 26 5
1 819 12 26 117
2 817 12 26 8
3 752 12 26 121
4 884 12 26 0
5 3062 12 26 0
0 819 12 27 5
1 820 12 27 117
2 818 12 27 8
3 753 12 27 121
4 885 12 27 0
5 3063 12 27 0
0 820 12 28 5
1 821 12 28 117
2 819 12 28 8
3 754 12 28 121
4 886 12 28 0
5 3064 12 28 0
0 821 12 29 5
1 822 12 29 117
2 820 12 29 8
3 755 12 29 121
4 887 12 29 0
5 3065 12 29 0
0 822 12 30 5
1 823 12 30 117
2 821 12 30 8
3 756 12 30 121
4 888 12 30 0
5 3066 12 30 0
0 823 12 31 5
1 824 12 31 117
2 822 12 31 8
3 757 12 31 121
4 889 12 31 0
5 3067 12 31 0
0 824 12 32 5
1 825 12 32 0
2 823 12 32 8
3 758 12 32 129
4 890 12 32 0
5 3068 12 32 0
0 871 13 13 116
1 872 13 13 111
2 870 13 13 124
3 805 13 13 115
4 937 13 13 0
5 3115 13 13 0
0 872 13 14 5
1 873 13 14 111
2 871 13 14 8
3 806 13 14 115
4 938 13 14 0
5 3116 13 14 0
0 873 13 15 5
1 874 13 15 111
2 872 13 15 8
3 807 13 15 115
4 939 13 15 0
5 3117 13 15 0
0 874 13 16 5
1 875 13 16 111
2 873 13 16 8
3 808 13 16 115
4 940 13 16 0
5 3118 13 16 0
0 875 13 17 5
1 876 13 17 111
2 874 13 17 8
3 809 13 17 115
4 941 13 17 0
5 3119 13 17 0
0 876 13 18 5
1 877 13 18 111
2 875 13 18 8
3 810 13 18 115
4 942 13 18 0
5 3120 13 18 0
0 877 13 19 5
1 878 13 19 111
2 876 13 19 8
3 811 13 19 115
4 943 13 19 0
5 3121 13 19 0
0 878 13 20 5
1 879 13 20 111
2 877 13 20 8
3 812 13 20 115
4 944 13 20 0
5 3122 13 20 0
0 879 13 21 5
1 880 13 21 111
2 878 13 21 8
3 813 13 21 115
4 945 13 21 0
5 3123 13 21 0
0 880 13 22 5
1 881 13 22 111
2 879 13 22 8
3 814 13 22 115
4 946 13 22 0
5 3124 13 22 0
0 881 13 23 5
1 882 13 23 111
2 880 13 23 8
3 815 13 23 115
4 947 13 23 0
5 3125 13 23 0
0 882 13 24 5
1 883 13 24 111
2 881 13 24 8
3 816 13 24 115
4 948 13 24 0
5 3126 13 24 0
0 883 13 25 5
1 884 13 25 111
2 882 13 25 8
3 817 13 25 115
4 949 13 25 0
5 3127 13 25 0
0 884 13 26 5
1 885 13 26 111
2 883 13 26 8
3 818 13 26 115
4 950 13 26 0
5 3128 13 26 0
0 885 13 27 5
1 886 13 27 111
2 884 13 27 8
3 819 13 27 115
4 951 13 27 0
5 3129 13 27 0
0 886 13 28 5
1 887 13 28 111
2 885 13 28 8
3 820 13 28 115
4 952 13 28 0
5 3130 13 28 0
0 887 13 29 5
1 888 13 29 111
2 886 13 29 8
3 821 13 29 115
4 953 13 29 0
5 3131 13 29 0
0 888 13 30 5
1 889 13 30 111
2 887 13 30 8
3 822 13 30 115
4 954 13 30 0
5 3132 13 30 0
0 889 13 31 5
1 890 13 31 111
2 888 13 31 8
3 823 13 31 115
4 955 13 31 0
5 3133 13 31 0
0 890 13 32 5
1 891 13 32 0
2 889 13 32 8
3 824 13 32 123
4 956 13 32 0
5 3134 13 32 0
0 938 14 14 110
1 939 14 14 105
2 937 14 14 118
3 872 14 14 109
4 1004 14 14 0
5 3182 14 14 0
0 939 14 15 5
1 940 14 15 105
2 938 14 15 8
3 873 14 15 109
4 1005 14 15 0
5 3183 14 15 0
0 940 14 16 5
1 941 14 16 105
2 939 14 16 8
3 874 14 16 109
4 1006 14 16 0
5 3184 14 16 0
0 941 14 17 5
1 942 14 17 105
2 940 14 17 8
3 875 14 17 109
4 1007 14 17 0
5 3185 14 17 0
0 942 14 18 5
1 943 14 18 105
2 941 14 18 8
3 876 14 18 109
4 1008 14 18 0
5 3186 14 18 0
0 943 14 19 5
1 944 14 19 105
2 942 14 19 8
3 877 14 19 109
4 1009 14 19 0
5 3187 14 19 0
0 944 14 20 5
1 945 14 20 105
2 943 14 20 8
3 878 14 20 109
4 1010 14 20 0
5 3188 14 20 0
0 945 14 21 5
1 946 14 21 105
2 944 14 21 8
3 879 14 21 109
4 1011 14 21 0
5 3189 14 21 0
0 946 14 22 5
1 947 14 22 105
2 945 14 22 8
3 880 14 22 109
4 1012 14 22 0
5 3190 14 22 0
0 947 14 23 5
1 948 14 23 105
2 946 14 23 8
3 881 14 23 109
4 1013 14 23 0
5 3191 14 23 0
0 948 14 24 5
1 949 14 24 105
2 947 14 24 8
3 882 14 24 109
4 1014 14 24 0
5 3192 14 24 0
0 949 14 25 5
1 950 14 25 105
2 948 14 25 8
3 883 14 25 109
4 1015 14 25 0
5 3193 14 25 0
0 950 14 26 5
1 951 14 26 105
2 949 14 26 8
3 884 14 26 109
4 1016 14 26 0
5 3194 14 26 0
0 951 14 27 5
1 952 14 27 105
2 950 14 27 8
3 885 14 27 109
4 1017 14 27 0
5 3195 14 27 0
0 952 14 28 5
1 953 14 28 105
2 951 14 28 8
3 886 14 28 109
4 1018 14 28 0
5 3196 14 28 0
0 953 14 29 5
1 954 14 29 105
2 952 14 29 8
3 887 14 29 109
4 1019 14 29 0
5 3197 14 29 0
0 954 14 30 5
1 955 14 30 105
2 953 14 30 8
3 888 14 30 109
4 1020 14 30 0
5 3198 14 30 0
0 955 14 31 5
1 956 14 31 105
2 954 14 31 8
3 889 14 31 109
4 1021 14 31 0
5 3199 14 31 0
0 956 14 32 5
1 957 14 32 0
2 955 14 32 8
3 890 14 32 117
4 1022 14 32 0
5 3200 14 32 0
0 1005 15 15 104
1 1006 15 15 99
2 1004 15 15 112
3 939 15 15 103
4 1071 15 15 0
5 3249 15 15 0
0 1006 15 16 5
1 1007 15 16 99
2 1005 15 16 8
3 940 15 16 103
4 1072 15 16 0
5 3250 15 16 0
0 1007 15 17 5
1 1008 15 17 99
2 1006 15 17 8
3 941 15 17 103
4 1073 15 17 0
5 3251 15 17 0
0 1008 15 18 5
1 1009 15 18 99
2 1007 15 18 8
3 942 15 18 103
4 1074 15 18 0
5 3252 15 18 0
0 1009 15 19 5
1 1010 15 19 99
2 1008 15 19 8
3 943 15 19 103
4 1075 15 19 0
5 3253 15 19 0
0 1010 15 20 5
1 1011 15 20 99
2 1009 15 20 8
3 944 15 20 103
4 1076 15 20 0
5 3254 15 20 0
0 1011 15 21 5
1 1012 15 21 99
2 1010 15 21 8
3 945 15 21 103
4 1077 15 21 0
5 3255 15 21 0
0 1012 15 22 5
1 1013 15 22 99
2 1011 15 22 8
3 946 15 22 103
4 1078 15 22 0
5 3256 15 22 0
0 1013 15 23 5
1 1014 15 23 99
2 1012 15 23 8
3 947 15 23 103
4 1079 15 23 0
5 3257 15 23 0
0 1014 15 24 5
1 1015 15 24 99
2 1013 15 24 8
3 948 15 24 103
4 1080 15 24 0
5 3258 15 24 0
0 1015 15 25 5
1 1016 15 25 99
2 1014 15 25 8
3 949 15 25 103
4 1081 15 25 0
5 3259 15 25 0
0 1016 15 26 5
1 1017 15 26 99
2 1015 15 26 8
3 950 15 26 103
4 1082 15 26 0
5 3260 15 26 0
0 1017 15 27 5
1 1018 15 27 99
2 1016 15 27 8
3 951 15 27 103
4 1083 15 27 0
5 3261 15 27 0
0 1018 15 28 5
1 1019 15 28 99
2 1017 15 28 8
3 952 15 28 103
4 1084 15 28 0
5 3262 15 28 0
0 1019 15 29 5
1 1020 15 29 99
2 1018 15 29 8
3 953 15 29 103
4 1085 15 29 0
5 3263 15 29 0
0 1020 15 30 5
1 1021 15 30 99
2 1019 15 30 8
3 954 15 30 103
4 1086 15 30 0
5 3264 15 30 0
0 1021 15 31 5
1 1022 15 31 99
2 1020 15 31 8
3 955 15 31 103
4 1087 15 31 0
5 3265 15 31 0
0 1022 15 32 5
1 1023 15 32 0
2 1021 15 32 8
3 956 15 32 111
4 1088 15 32 0
5 3266 15 32 0
0 1072 16 16 98
1 1073 16 16 93
2 1071 16 16 106
3 1006 16 16 97
4 1138 16 16 0
5 3316 16 16 0
0 1073 16 17 5
1 1074 16 17 93
2 1072 16 17 8
3 1007 16 17 97
4 1139 16 17 0
5 3317 16 17 0
0 1074 16 18 5
1 1075 16 18 93
2 1073 16 18 8
3 1008 16 18 97
4 1140 16 18 0
5 3318 16 18 0
0 1075 16 19 5
1 1076 16 19 93
2 1074 16 19 8
3 1009 16 19 97
4 1141 16 19 0
5 3319 16 19 0
0 1076 16 20 5
1 1077 16 20 93
2 1075 16 20 8
3 1010 16 20 97
4 1142 16 20 0
5 3320 16 20 0
0 1077 16 21 5
1 1078 16 21 93
2 1076 16 21 8
3 1011 16 21 97
4 1143 16 21 0
5 3321 16 21 0
0 1078 16 22 5
1 1079 16 22 93
2 1077 16 22 8
3 1012 16 22 97
4 1144 16 22 0
5 3322 16 22 0
0 1079 16 23 5
1 1080 16 23 93
2 1078 16 23 8
3 1013 16 23 97
4 1145 16 23 0
5 3323 16 23 0
0 1080 16 24 5
1 1081 16 24 93
2 1079 16 24 8
3 1014 16 24 97
4 1146 16 24 0
5 3324 16 24 0
0 1081 16 25 5
1 1082 16 25 93
2 1080 16 25 8
3 1015 16 25 97
4 1147 16 25 0
5 3325 16 25 0
0 1082 16 26 5
1 1083 16 26 93
2 1081 16 26 8
3 1016 16 26 97
4 1148 16 26 0
5 3326 16 26 0
0 1083 16 27 5
1 1084 16 27 93
2 1082 16 27 8
3 1017 16 27 97
4 1149 16 27 0
5 3327 16 27 0
0 1084 16 28 5
1 1085 16 28 93
2 1083 16 28 8
3 1018 16 28 97
4 1150 16 28 0
5 3328 16 28 0
0 1085 16 29 5
1 1086 16 29 93
2 1084 16 29 8
3 1019 16 29 97
4 1151 16 29 0
5 3329 16 29 0
0 1086 16 30 5
1 1087 16 30 93
2 1085 16 30 8
3 1020 16 30 97
4 1152 16 30 0
5 3330 16 30 0
0 1087 16 31 5
1 1088 16 31 93
2 1086 16 31 8
3 1021 16 31 97
4 1153 16 31 0
5 3331 16 31 0
0 1088 16 32 5
1 1089 16 32 0
2 1087 16 32 8
3 1022 16 32 105
4 1154 16 32 0
5 3332 16 32 0
0 1139 17 17 92
1 1140 17 17 87
2 1138 17 17 100
3 1073 17 17 91
4 1205 17 17 0
5 3383 17 17 0
0 1140 17 18 5
1 1141 17 18 87
2 1139 17 18 8
3 1074 17 18 91
4 1206 17 18 0
5 3384 17 18 0
0 1141 17 19 5
1 1142 17 19 87
2 1140 17 19 8
3 1075 17 19 91
4 1207 17 19 0
5 3385 17 19 0
0 1142 17 20 5
1 1143 17 20 87
2 1141 17 20 8
3 1076 17 20 91
4 1208 17 20 0
5 3386 17 20 0
0 1143 17 21 5
1 1144 17 21 87
2 1142 17 21 8
3 1077 17 21 91
4 1209 17 21 0
5 3387 17 21 0
0 1144 17 22 5
1 1145 17 22 87
2 1143 17 22 8
3 1078 17 22 91
4 1210 17 22 0
5 3388 17 22 0
0 1145 17 23 5
1 1146 17 23 87
2 1144 17 23 8
3 1079 17 23 91
4 1211 17 23 0
5 3389 17 23 0
0 1146 17 24 5
1 1147 17 24 87
2 1145 17 24 8
3 1080 17 24 91
4 1212 17 24 0
5 3390 17 24 0
0 1147 17 25 5
1 1148 17 25 87
2 1146 17 25 8
3 1081 17 25 91
4 1213 17 25 0
5 3391 17 25 0
0 1148 17 26 5
1 1149 17 26 87
2 1147 17 26 8
3 1082 17 26 91
4 1214 17 26 0
5 3392 17 26 0
0 1149 17 27 5
1 1150 17 27 87
2 1148 17 27 8
3 1083 17 27 91
4 1215 17 27 0
5 3393 17 27 0
0 1150 17 28 5
1 1151 17 28 87
2 1149 17 28 8
3 1084 17 28 91
4 1216 17 28 0
5 3394 17 28 0
0 1151 17 29 5
1 1152 17 29 87
2 1150 17 29 8
3 1085 17 29 91
4 1217 17 29 0
5 3395 17 29 0
0 1152 17 30 5
1 1153 17 30 87
2 1151 17 30 8
3 1086 17 30 91
4 1218 17 30 0
5 3396 17 30 0
0 1153 17 31 5
1 1154 17 31 87
2 1152 17 31 8
3 1087 17 31 91
4 1219 17 31 0
5 3397 17 31 0
0 1154 17 32 5
1 1155 17 32 0
2 1153 17 32 8
3 1088 17 32 99
4 1220 17 32 0
5 3398 17 32 0
0 1206 18 18 86
1 1207 18 18 81
2 1205 18 18 94
3 1140 18 18 85
4 1272 18 18 0
5 3450 18 18 0
0 1207 18 19 5
1 1208 18 19 81
2 1206 18 19 8
3 1141 18 19 85
4 1273 18 19 0
5 3451 18 19 0
0 1208 18 20 5
1 1209 18 20 81
2 1207 18 20 8
3 1142 18 20 85
4 1274 18 20 0
5 3452 18 20 0
0 1209 18 21 5
1 1210 18 21 81
2 1208 18 21 8
3 1143 18 21 85
4 1275 18 21 0
5 3453 18 21 0
0 1210 18 22 5
1 1211 18 22 81
2 1209 18 22 8
3 1144 18 22 85
4 1276 18 22 0
5 3454 18 22 0
0 1211 18 23 5
1 1212 18 23 81
2 1210 18 23 8
3 1145 18 23 85
4 1277 18 23 0
5 3455 18 23 0
0 1212 18 24 5
1 1213 18 24 81
2 1211 18 24 8
3 1146 18 24 85
4 1278 18 24 0
5 3456 18 24 0
0 1213 18 25 5
1 1214 18 25 81
2 1212 18 25 8
3 1147 18 25 85
4 1279 18 25 0
5 3457 18 25 0
0 1214 18 26 5
1 1215 18 26 81
2 1213 18 26 8
3 1148 18 26 85
4 1280 18 26 0
5 3458 18 26 0
0 1215 18 27 5
1 1216 18 27 81
2 1214 18 27 8
3 1149 18 27 85
4 1281 18 27 0
5 3459 18 27 0
0 1216 18 28 5
1 1217 18 28 81
2 1215 18 28 8
3 1150 18 28 85
4 1282 18 28 0
5 3460 18 28 0
0 1217 18 29 5
1 1218 18 29 81
2 1216 18 29 8
3 1151 18 29 85
4 1283 18 29 0
5 3461 18 29 0
0 1218 18 30 5
1 1219 18 30 81
2 1217 18 30 8
3 1152 18 30 85
4 1284 18 30 0
5 3462 18 30 0
0 1219 18 31 5
1 1220 18 31 81
2 1218 18 31 8
3 1153 18 31 85
4 1285 18 31 0
5 3463 18 31 0
0 1220 18 32 5
1 1221 18 32 0
2 1219 18 32 8
3 1154 18 32 93
4 1286 18 32 0
5 3464 18 32 0
0 1273 19 19 80
1 1274 19 19 75
2 1272 19 19 88
3 1207 19 19 79
4 1339 19 19 0
5 3517 19 19 0
0 1274 19 20 5
1 1275 19 20 75
2 1273 19 20 8
3 1208 19 20 79
4 1340 19 20 0
5 3518 19 20 0
0 1275 19 21 5
1 1276 19 21 75
2 1274 19 21 8
3 1209 19 21 79
4 1341 19 21 0
5 3519 19 21 0
0 1276 19 22 5
1 1277 19 22 75
2 1275 19 22 8
3 1210 19 22 79
4 1342 19 22 0
5 3520 19 22 0
0 1277 19 23 5
1 1278 19 23 75
2 1276 19 23 8
3 1211 19 23 79
4 1343 19 23 0
5 3521 19 23 0
0 1278 19 24 5
1 1279 19 24 75
2 1277 19 24 8
3 1212 19 24 79
4 1344 19 24 0
5 3522 19 24 0
0 1279 19 25 5
1 1280 19 25 75
2 1278 19 25 8
3 1213 19 25 79
4 1345 19 25 0
5 3523 19 25 0
0 1280 19 26 5
1 1281 19 26 75
2 1279 19 26 8
3 1214 19 26 79
4 1346 19 26 0
5 3524 19 26 0
0 1281 19 27 5
1 1282 19 27 75
2 1280 19 27 8
3 1215 19 27 79
4 1347 19 27 0
5 3525 19 27 0
0 1282 19 28 5
1 1283 19 28 75
2 1281 19 28 8
3 1216 19 28 79
4 1348 19 28 0
5 3526 19 28 0
0 1283 19 29 5
1 1284 19 29 75
2 1282 19 29 8
3 1217 19 29 79
4 1349 19 29 0
5 3527 19 29 0
0 1284 19 30 5
1 1285 19 30 75
2 1283 19 30 8
3 1218 19 30 79
4 1350 19 30 0
5 3528 19 30 0
0 1285 19 31 5
1 1286 19 31 75
2 1284 19 31 8
3 1219 19 31 79
4 1351 19 31 0
5 3529 19 31 0
0 1286 19 32 5
1 1287 19 32 0
2 1285 19 32 8
3 1220 19 32 87
4 1352 19 32 0
5 3530 19 32 0
0 1340 20 20 74
1 1341 20 20 69
2 1339 20 20 82
3 1274 20 20 73
4 1406 20 20 0
5 3584 20 20 0
0 1341 20 21 5
1 1342 20 21 69
2 1340 20 21 8
3 1275 20 21 73
4 1407 20 21 0
5 3585 20 21 0
0 1342 20 22 5
1 1343 20 22 69
2 1341 20 22 8
3 1276 20 22 73
4 1408 20 22 0
5 3586 20 22 0
0 1343 20 23 5
1 1344 20 23 69
2 1342 20 23 8
3 1277 20 23 73
4 1409 20 23 0
5 3587 20 23 0
0 1344 20 24 5
1 1345 20 24 69
2 1343 20 24 8
3 1278 20 24 73
4 1410 20 24 0
5 3588 20 24 0
0 1345 20 25 5
1 1346 20 25 69
2 1344 20 25 8
3 1279 20 25 73
4 1411 20 25 0
5 3589 20 25 0
0 1346 20 26 5
1 1347 20 26 69
2 1345 20 26 8
3 1280 20 26 73
4 1412 20 26 0
5 3590 20 26 0
0 1347 20 27 5
1 1348 20 27 69
2 1346 20 27 8
3 1281 20 27 73
4 1413 20 27 0
5 3591 20 27 0
0 1348 20 28 5
1 1349 20 28 69
2 1347 20 28 8
3 1282 20 28 73
4 1414 20 28 0
5 3592 20 28 0
0 1349 20 29 5
1 1350 20 29 69
2 1348 20 29 8
3 1283 20 29 73
4 1415 20 29 0
5 3593 20 29 0
0 1350 20 30 5
1 1351 20 30 69
2 1349 20 30 8
3 1284 20 30 73
4 1416 20 30 0
5 3594 20 30 0
0 1351 20 31 5
1 1352 20 31 69
2 1350 20 31 8
3 1285 20 31 73
4 1417 20 31 0
5 3595 20 31 0
0 1352 20 32 5
1 1353 20 32 0
2 1351 20 32 8
3 1286 20 32 81
4 1418 20 32 0
5 3596 20 32 0
0 1407 21 21 68
1 1408 21 21 63
2 1406 21 21 76
3 1341 21 21 67
4 1473 21 21 0
5 3651 21 21 0
0 1408 21 22 5
1 1409 21 22 63
2 1407 21 22 8
3 1342 21 22 67
4 1474 21 22 0
5 3652 21 22 0
0 1409 21 23 5
1 1410 21 23 63
2 1408 21 23 8
3 1343 21 23 67
4 1475 21 23 0
5 3653 21 23 0
0 1410 21 24 5
1 1411 21 24 63
2 1409 21 24 8
3 1344 21 24 67
4 1476 21 24 0
5 3654 21 24 0
0 1411 21 25 5
1 1412 21 25 63
2 1410 21 25 8
3 1345 21 25 67
4 1477 21 25 0
5 3655 21 25 0
0 1412 21 26 5
1 1413 21 26 63
2 1411 21 26 8
3 1346 21 26 67
4 1478 21 26 0
5 3656 21 26 0
0 1413 21 27 5
1 1414 21 27 63
2 1412 21 27 8
3 1347 21 27 67
4 1479 21 27 0
5 3657 21 27 0
0 1414 21 28 5
1 1415 21 28 63
2 1413 21 28 8
3 1348 21 28 67
4 1480 21 28 0
5 3658 21 28 0
0 1415 21 29 5
1 1416 21 29 63
2 1414 21 29 8
3 1349 21 29 67
4 1481 21 29 0
5 3659 21 29 0
0 1416 21 30 5
1 1417 21 30 63
2 1415 21 30 8
3 1350 21 30 67
4 1482 21 30 0
5 3660 21 30 0
0 1417 21 31 5
1 1418 21 31 63
2 1416 21 31 8
3 1351 21 31 67
4 1483 21 31 0
5 3661 21 31 0
0 1418 21 32 5
1 1419 21 32 0
2 1417 21 32 8
3 1352 21 32 75
4 1484 21 32 0
5 3662 21 32 0
0 1474 22 22 62
1 1475 22 22 57
2 1473 22 22 70
3 1408 22 22 61
4 1540 22 22 0
5 3718 22 22 0
0 1475 22 23 5
1 1476 22 23 57
2 1474 22 23 8
3 1409 22 23 61
4 1541 22 23 0
5 3719 22 23 0
0 1476 22 24 5
1 1477 22 24 57
2 1475 22 24 8
3 1410 22 24 61
4 1542 22 24 0
5 3720 22 24 0
0 1477 22 25 5
1 1478 22 25 57
2 1476 22 25 8
3 1411 22 25 61
4 1543 22 25 0
5 3721 22 25 0
0 1478 22 26 5
1 1479 22 26 57
2 1477 22 26 8
3 1412 22 26 61
4 1544 22 26 0
5 3722 22 26 0
0 1479 22 27 5
1 1480 22 27 57
2 1478 22 27 8
3 1413 22 27 61
4 1545 22 27 0
5 3723 22 27 0
0 1480 22 28 5
1 1481 22 28 57
2 1479 22 28 8
3 1414 22 28 61
4 1546 22 28 0
5 3724 22 28 0
0 1481 22 29 5
1 1482 22 29 57
2 1480 22 29 8
3 1415 22 29 61
4 1547 22 29 0
5 3725 22 29 0
0 1482 22 30 5
1 1483 22 30 57
2 1481 22 30 8
3 1416 22 30 61
4 1548 22 30 0
5 3726 22 30 0
0 1483 22 31 5
1 1484 22 31 57
2 1482 22 31 8
3 1417 22 31 61
4 1549 22 31 0
5 3727 22 31 0
0 1484 22 32 5
1 1485 22 32 0
2 1483 22 32 8
3 1418 22 32 69
4 1550 22 32 0
5 3728 22 32 0
0 1541 23 23 56
1 1542 23 23 51
2 1540 23 23 64
3 1475 23 23 55
4 1607 23 23 0
5 3785 23 23 0
0 1542 23 24 5
1 1543 23 24 51
2 1541 23 24 8
3 1476 23 24 55
4 1608 23 24 0
5 3786 23 24 0
0 1543 23 25 5
1 1544 23 25 51
2 1542 23 25 8
3 1477 23 25 55
4 1609 23 25 0
5 3787 23 25 0
0 1544 23 26 5
1 1545 23 26 51
2 1543 23 26 8
3 1478 23 26 55
4 1610 23 26 0
5 3788 23 26 0
0 1545 23 27 5
1 1546 23 27 51
2 1544 23 27 8
3 1479 23 27 55
4 1611 23 27 0
5 3789 23 27 0
0 1546 23 28 5
1 1547 23 28 51
2 1545 23 28 8
3 1480 23 28 55
4 1612 23 28 0
5 3790 23 28 0
0 1547 23 29 5
1 1548 23 29 51
2 1546 23 29 8
3 1481 23 29 55
4 1613 23 29 0
5 3791 23 29 0
0 1548 23 30 5
1 1549 23 30 51
2 1547 23 30 8
3 1482 23 30 55
4 1614 23 30 0
5 3792 23 30 0
0 1549 23 31 5
1 1550 23 31 51
2 1548 23 31 8
3 1483 23 31 55
4 1615 23 31 0
5 3793 23 31 0
0 1550 23 32 5
1 1551 23 32 0
2 1549 23 32 8
3 1484 23 32 63
4 1616 23 32 0
5 3794 23 32 0
0 1608 24 24 50
1 1609 24 24 45
2 1607 24 24 58
3 1542 24 24 49
4 1674 24 24 0
5 3852 24 24 0
0 1609 24 25 5
1 1610 24 25 45
2 1608 24 25 8
3 1543 24 25 49
4 1675 24 25 0
5 3853 24 25 0
0 1610 24 26 5
1 1611 24 26 45
2 1609 24 26 8
3 1544 24 26 49
4 1676 24 26 0
5 3854 24 26 0
0 1611 24 27 5
1 1612 24 27 45
2 1610 24 27 8
3 1545 24 27 49
4 1677 24 27 0
5 3855 24 27 0
0 1612 24 28 5
1 1613 24 28 45
2 1611 24 28 8
3 1546 24 28 49
4 1678 24 28 0
5 3856 24 28 0
0 1613 24 29 5
1 1614 24 29 45
2 1612 24 29 8
3 1547 24 29 49
4 1679 24 29 0
5 3857 24 29 0
0 1614 24 30 5
1 1615 24 30 45
2 1613 24 30 8
3 1548 24 30 49
4 1680 24 30 0
5 3858 24 30 0
0 1615 24 31 5
1 1616 24 31 45
2 1614 24 31 8
3 1549 24 31 49
4 1681 24 31 0
5 3859 24 31 0
0 1616 24 32 5
1 1617 24 32 0
2 1615 24 32 8
3 1550 24 32 57
4 1682 24 32 0
5 3860 24 32 0
0 1675 25 25 44
1 1676 25 25 39
2 1674 25 25 52
3 1609 25 25 43
4 1741 25 25 0
5 3919 25 25 0
0 1676 25 26 5
1 1677 25 26 39
2 1675 25 26 8
3 1610 25 26 43
4 1742 25 26 0
5 3920 25 26 0
0 1677 25 27 5
1 1678 25 27 39
2 1676 25 27 8
3 1611 25 27 43
4 1743 25 27 0
5 3921 25 27 0
0 1678 25 28 5
1 1679 25 28 39
2 1677 25 28 8
3 1612 25 28 43
4 1744 25 28 0
5 3922 25 28 0
0 1679 25 29 5
1 1680 25 29 39
2 1678 25 29 8
3 1613 25 29 43
4 1745 25 29 0
5 3923 25 29 0
0 1680 25 30 5
1 1681 25 30 39
2 1679 25 30 8
3 1614 25 30 43
4 1746 25 30 0
5 3924 25 30 0
0 1681 25 31 5
1 1682 25 31 39
2 1680 25 31 8
3 1615 25 31 43
4 1747 25 31 0
5 3925 25 31 0
0 1682 25 32 5
1 1683 25 32 0
2 1681 25 32 8
3 1616 25 32 51
4 1748 25 32 0
5 3926 25 32 0
0 1742 26 26 38
1 1743 26 26 33
2 1741 26 26 46
3 1676 26 26 37
4 1808 26 26 0
5 3986 26 26 0
0 1743 26 27 5
1 1744 26 27 33
2 1742 26 27 8
3 1677 26 27 37
4 1809 26 27 0
5 3987 26 27 0
0 1744 26 28 5
1 1745 26 28 33
2 1743 26 28 8
3 1678 26 28 37
4 1810 26 28 0
5 3988 26 28 0
0 1745 26 29 5
1 1746 26 29 33
2 1744 26 29 8
3 1679 26 29 37
4 1811 26 29 0
5 3989 26 29 0
0 1746 26 30 5
1 1747 26 30 33
2 1745 26 30 8
3 1680 26 30 37
4 1812 26 30 0
5 3990 26 30 0
0 1747 26 31 5
1 1748 26 31 33
2 1746 26 31 8
3 1681 26 31 37
4 1813 26 31 0
5 3991 26 31 0
0 1748 26 32 5
1 1749 26 32 0
2 1747 26 32 8
3 1682 26 32 45
4 1814 26 32 0
5 3992 26 32 0
0 1809 27 27 32
1 1810 27 27 27
2 1808 27 27 40
3 1743 27 27 31
4 1875 27 27 0
5 4053 27 27 0
0 1810 27 28 5
1 1811 27 28 27
2 1809 27 28 8
3 1744 27 28 31
4 1876 27 28 0
5 4054 27 28 0
0 1811 27 29 5
1 1812 27 29 27
2 1810 27 29 8
3 1745 27 29 31
4 1877 27 29 0
5 4055 27 29 0
0 1812 27 30 5
1 1813 27 30 27
2 1811 27 30 8
3 1746 27 30 31
4 1878 27 30 0
5 4056 27 30 0
0 1813 27 31 5
1 1814 27 31 27
2 1812 27 31 8
3 1747 27 31 31
4 1879 27 31 0
5 4057 27 31 0
0 1814 27 32 5
1 1815 27 32 0
2 1813 27 32 8
3 1748 27 32 39
4 1880 27 32 0
5 4058 27 32 0
0 1876 28 28 26
1 1877 28 28 21
2 1875 28 28 34
3 1810 28 28 25
4 1942 28 28 0
5 4120 28 28 0
0 1877 28 29 5
1 1878 28 29 21
2 1876 28 29 8
3 1811 28 29 25
4 1943 28 29 0
5 4121 28 29 0
0 1878 28 30 5
1 1879 28 30 21
2 1877 28 30 8
3 1812 28 30 25
4 1944 28 30 0
5 4122 28 30 0
0 1879 28 31 5
1 1880 28 31 21
2 1878 28 31 8
3 1813 28 31 25
4 1945 28 31 0
5 4123 28 31 0
0 1880 28 32 5
1 1881 28 32 0
2 1879 28 32 8
3 1814 28 32 33
4 1946 28 32 0
5 4124 28 32 0
0 1943 29 29 20
1 1944 29 29 15
2 1942 29 29 28
3 1877 29 29 19
4 2009 29 29 0
5 4187 29 29 0
0 1944 29 30 5
1 1945 29 30 15
2 1943 29 30 8
3 1878 29 30 19
4 2010 29 30 0
5 4188 29 30 0
0 1945 29 31 5
1 1946 29 31 15
2 1944 29 31 8
3 1879 29 31 19
4 2011 29 31 0
5 4189 29 31 0
0 1946 29 32 5
1 1947 29 32 0
2 1945 29 32 8
3 1880 29 32 27
4 2012 29 32 0
5 4190 29 32 0
0 2010 30 30 14
1 2011 30 30 9
2 2009 30 30 22
3 1944 30 30 13
4 2076 30 30 0
5 4254 30 30 0
0 2011 30 31 5
1 2012 30 31 9
2 2010 30 31 8
3 1945 30 31 13
4 2077 30 31 0
5 4255 30 31 0
0 2012 30 32 5
1 2013 30 32 0
2 2011 30 32 8
3 1946 30 32 21
4 2078 30 32 0
5 4256 30 32 0
0 2077 31 31 8
1 2078 31 31 3
2 2076 31 31 16
3 2011 31 31 7
4 2143 31 31 0
5 4321 31 31 0
0 2078 31 32 5
1 2079 31 32 0
2 2077 31 32 8
3 2012 31 32 15
4 2144 31 32 0
5 4322 31 32 0
0 2144 32 32 2
1 2145 32 32 0
2 2143 32 32 10
3 2078 32 32 9
4 2210 32 32 0
5 4388 32 32 0
