0 5 1 1 0
1 6 1 1 0
2 4 1 1 0
3 1 1 1 0
4 9 1 1 0
5 269 1 1 0
0 6 1 2 5
1 7 1 2 0
2 5 1 2 8
3 2 1 2 0
4 10 1 2 0
5 270 1 2 0
0 7 1 3 5
1 8 1 3 0
2 6 1 3 8
3 3 1 3 0
4 11 1 3 0
5 271 1 3 0
0 8 1 4 5
1 9 1 4 15
2 7 1 4 8
3 4 1 4 19
4 12 1 4 0
5 272 1 4 0
0 9 1 5 5
1 10 1 5 15
2 8 1 5 8
3 5 1 5 19
4 13 1 5 0
5 273 1 5 0
0 10 1 6 5
1 11 1 6 15
2 9 1 6 8
3 6 1 6 19
4 14 1 6 0
5 274 1 6 0
0 11 1 7 5
1 12 1 7 15
2 10 1 7 8
3 7 1 7 19
4 15 1 7 0
5 275 1 7 0
0 12 1 8 5
1 13 1 8 15
2 11 1 8 8
3 8 1 8 19
4 16 1 8 0
5 276 1 8 0
0 13 1 9 5
1 14 1 9 15
2 12 1 9 8
3 9 1 9 19
4 17 1 9 0
5 277 1 9 0
0 14 1 10 5
1 15 1 10 15
2 13 1 10 8
3 10 1 10 19
4 18 1 10 0
5 278 1 10 0
0 15 1 11 5
1 16 1 11 15
2 14 1 11 8
3 11 1 11 19
4 19 1 11 0
5 279 1 11 0
0 16 1 12 5
1 17 1 12 15
2 15 1 12 8
3 12 1 12 19
4 20 1 12 0
5 280 1 12 0
0 17 1 13 5
1 18 1 13 15
2 16 1 13 8
3 13 1 13 19
4 21 1 13 0
5 281 1 13 0
0 18 1 14 5
1 19 1 14 15
2 17 1 14 8
3 14 1 14 19
4 22 1 14 0
5 282 1 14 0
0 19 1 15 5
1 20 1 15 15
2 18 1 15 8
3 15 1 15 19
4 23 1 15 0
5 283 1 15 0
0 20 1 16 5
1 21 1 16 15
2 19 1 16 8
3 16 1 16 19
4 24 1 16 0
5 284 1 16 0
0 21 1 17 5
1 22 1 17 15
2 20 1 17 8
3 17 1 17 19
4 25 1 17 0
5 285 1 17 0
0 22 1 18 5
1 23 1 18 15
2 21 1 18 8
3 18 1 18 19
4 26 1 18 0
5 286 1 18 0
0 23 1 19 5
1 24 1 19 15
2 22 1 19 8
3 19 1 19 19
4 27 1 19 0
5 287 1 19 0
0 24 1 20 5
1 25 1 20 15
2 23 1 20 8
3 20 1 20 19
4 28 1 20 0
5 288 1 20 0
0 25 1 21 5
1 26 1 21 15
2 24 1 21 8
3 21 1 21 19
4 29 1 21 0
5 289 1 21 0
0 26 1 22 5
1 27 1 22 15
2 25 1 22 8
3 22 1 22 19
4 30 1 22 0
5 290 1 22 0
0 27 1 23 5
1 28 1 23 15
2 26 1 23 8
3 23 1 23 19
4 31 1 23 0
5 291 1 23 0
0 28 1 24 5
1 29 1 24 15
2 27 1 24 8
3 24 1 24 19
4 32 1 24 0
5 292 1 24 0
0 29 1 25 5
1 30 1 25 15
2 28 1 25 8
3 25 1 25 19
4 33 1 25 0
5 293 1 25 0
0 30 1 26 5
1 31 1 26 15
2 29 1 26 8
3 26 1 26 19
4 34 1 26 0
5 294 1 26 0
0 31 1 27 5
1 32 1 27 15
2 30 1 27 8
3 27 1 27 19
4 35 1 27 0
5 295 1 27 0
0 32 1 28 5
1 33 1 28 15
2 31 1 28 8
3 28 1 28 19
4 36 1 28 0
5 296 1 28 0
0 33 1 29 5
1 34 1 29 15
2 32 1 29 8
3 29 1 29 19
4 37 1 29 0
5 297 1 29 0
0 34 1 30 5
1 35 1 30 15
2 33 1 30 8
3 30 1 30 19
4 38 1 30 0
5 298 1 30 0
0 35 1 31 5
1 36 1 31 15
2 34 1 31 8
3 31 1 31 19
4 39 1 31 0
5 299 1 31 0
0 36 1 32 5
1 37 1 32 15
2 35 1 32 8
3 32 1 32 19
4 40 1 32 0
5 300 1 32 0
0 37 1 33 5
1 38 1 33 15
2 36 1 33 8
3 33 1 33 19
4 41 1 33 0
5 301 1 33 0
0 38 1 34 5
1 39 1 34 15
2 37 1 34 8
3 34 1 34 19
4 42 1 34 0
5 302 1 34 0
0 39 1 35 5
1 40 1 35 15
2 38 1 35 8
3 35 1 35 19
4 43 1 35 0
5 303 1 35 0
0 40 1 36 5
1 41 1 36 15
2 39 1 36 8
3 36 1 36 19
4 44 1 36 0
5 304 1 36 0
0 41 1 37 5
1 42 1 37 15
2 40 1 37 8
3 37 1 37 19
4 45 1 37 0
5 305 1 37 0
0 42 1 38 5
1 43 1 38 15
2 41 1 38 8
3 38 1 38 19
4 46 1 38 0
5 306 1 38 0
0 43 1 39 5
1 44 1 39 15
2 42 1 39 8
3 39 1 39 19
4 47 1 39 0
5 307 1 39 0
0 44 1 40 5
1 45 1 40 15
2 43 1 40 8
3 40 1 40 19
4 48 1 40 0
5 308 1 40 0
0 45 1 41 5
1 46 1 41 15
2 44 1 41 8
3 41 1 41 19
4 49 1 41 0
5 309 1 41 0
0 46 1 42 5
1 47 1 42 15
2 45 1 42 8
3 42 1 42 19
4 50 1 42 0
5 310 1 42 0
0 47 1 43 5
1 48 1 43 15
2 46 1 43 8
3 43 1 43 19
4 51 1 43 0
5 311 1 43 0
0 48 1 44 5
1 49 1 44 15
2 47 1 44 8
3 44 1 44 19
4 52 1 44 0
5 312 1 44 0
0 49 1 45 5
1 50 1 45 15
2 48 1 45 8
3 45 1 45 19
4 53 1 45 0
5 313 1 45 0
0 50 1 46 5
1 51 1 46 15
2 49 1 46 8
3 46 1 46 19
4 54 1 46 0
5 314 1 46 0
0 51 1 47 5
1 52 1 47 15
2 50 1 47 8
3 47 1 47 19
4 55 1 47 0
5 315 1 47 0
0 52 1 48 5
1 53 1 48 15
2 51 1 48 8
3 48 1 48 19
4 56 1 48 0
5 316 1 48 0
0 53 1 49 5
1 54 1 49 15
2 52 1 49 8
3 49 1 49 19
4 57 1 49 0
5 317 1 49 0
0 54 1 50 5
1 55 1 50 15
2 53 1 50 8
3 50 1 50 19
4 58 1 50 0
5 318 1 50 0
0 55 1 51 5
1 56 1 51 15
2 54 1 51 8
3 51 1 51 19
4 59 1 51 0
5 319 1 51 0
0 56 1 52 5
1 57 1 52 15
2 55 1 52 8
3 52 1 52 19
4 60 1 52 0
5 320 1 52 0
0 57 1 53 5
1 58 1 53 15
2 56 1 53 8
3 53 1 53 19
4 61 1 53 0
5 321 1 53 0
0 58 1 54 5
1 59 1 54 15
2 57 1 54 8
3 54 1 54 19
4 62 1 54 0
5 322 1 54 0
0 59 1 55 5
1 60 1 55 15
2 58 1 55 8
3 55 1 55 19
4 63 1 55 0
5 323 1 55 0
0 60 1 56 5
1 61 1 56 15
2 59 1 56 8
3 56 1 56 19
4 64 1 56 0
5 324 1 56 0
0 61 1 57 5
1 62 1 57 15
2 60 1 57 8
3 57 1 57 19
4 65 1 57 0
5 325 1 57 0
0 62 1 58 5
1 63 1 58 15
2 61 1 58 8
3 58 1 58 19
4 66 1 58 0
5 326 1 58 0
0 63 1 59 5
1 64 1 59 15
2 62 1 59 8
3 59 1 59 19
4 67 1 59 0
5 327 1 59 0
0 64 1 60 5
1 65 1 60 15
2 63 1 60 8
3 60 1 60 19
4 68 1 60 0
5 328 1 60 0
0 65 1 61 5
1 66 1 61 15
2 64 1 61 8
3 61 1 61 19
4 69 1 61 0
5 329 1 61 0
0 66 1 62 5
1 67 1 62 15
2 65 1 62 8
3 62 1 62 19
4 70 1 62 0
5 330 1 62 0
0 67 1 63 5
1 68 1 63 15
2 66 1 63 8
3 63 1 63 19
4 71 1 63 0
5 331 1 63 0
0 68 1 64 5
1 69 1 64 15
2 67 1 64 8
3 64 1 64 19
4 72 1 64 0
5 332 1 64 0
0 10 2 2 327
1 11 2 2 322
2 9 2 2 335
3 6 2 2 354
4 14 2 2 307
5 274 2 2 354
0 11 2 3 5
1 12 2 3 322
2 10 2 3 8
3 7 2 3 354
4 15 2 3 307
5 275 2 3 354
0 12 2 4 5
1 13 2 4 322
2 11 2 4 8
3 8 2 4 354
4 16 2 4 307
5 276 2 4 354
0 13 2 5 5
1 14 2 5 15
2 12 2 5 8
3 9 2 5 19
4 17 2 5 307
5 277 2 5 354
0 14 2 6 5
1 15 2 6 15
2 13 2 6 8
3 10 2 6 19
4 18 2 6 307
5 278 2 6 354
0 15 2 7 5
1 16 2 7 15
2 14 2 7 8
3 11 2 7 19
4 19 2 7 307
5 279 2 7 354
0 16 2 8 5
1 17 2 8 15
2 15 2 8 8
3 12 2 8 19
4 20 2 8 307
5 280 2 8 354
0 17 2 9 5
1 18 2 9 15
2 16 2 9 8
3 13 2 9 19
4 21 2 9 307
5 281 2 9 354
0 18 2 10 5
1 19 2 10 15
2 17 2 10 8
3 14 2 10 19
4 22 2 10 307
5 282 2 10 354
0 19 2 11 5
1 20 2 11 15
2 18 2 11 8
3 15 2 11 19
4 23 2 11 307
5 283 2 11 354
0 20 2 12 5
1 21 2 12 15
2 19 2 12 8
3 16 2 12 19
4 24 2 12 307
5 284 2 12 354
0 21 2 13 5
1 22 2 13 15
2 20 2 13 8
3 17 2 13 19
4 25 2 13 307
5 285 2 13 354
0 22 2 14 5
1 23 2 14 15
2 21 2 14 8
3 18 2 14 19
4 26 2 14 307
5 286 2 14 354
0 23 2 15 5
1 24 2 15 15
2 22 2 15 8
3 19 2 15 19
4 27 2 15 307
5 287 2 15 354
0 24 2 16 5
1 25 2 16 15
2 23 2 16 8
3 20 2 16 19
4 28 2 16 307
5 288 2 16 354
0 25 2 17 5
1 26 2 17 15
2 24 2 17 8
3 21 2 17 19
4 29 2 17 307
5 289 2 17 354
0 26 2 18 5
1 27 2 18 15
2 25 2 18 8
3 22 2 18 19
4 30 2 18 307
5 290 2 18 354
0 27 2 19 5
1 28 2 19 15
2 26 2 19 8
3 23 2 19 19
4 31 2 19 307
5 291 2 19 354
0 28 2 20 5
1 29 2 20 15
2 27 2 20 8
3 24 2 20 19
4 32 2 20 307
5 292 2 20 354
0 29 2 21 5
1 30 2 21 15
2 28 2 21 8
3 25 2 21 19
4 33 2 21 307
5 293 2 21 354
0 30 2 22 5
1 31 2 22 15
2 29 2 22 8
3 26 2 22 19
4 34 2 22 307
5 294 2 22 354
0 31 2 23 5
1 32 2 23 15
2 30 2 23 8
3 27 2 23 19
4 35 2 23 307
5 295 2 23 354
0 32 2 24 5
1 33 2 24 15
2 31 2 24 8
3 28 2 24 19
4 36 2 24 307
5 296 2 24 354
0 33 2 25 5
1 34 2 25 15
2 32 2 25 8
3 29 2 25 19
4 37 2 25 307
5 297 2 25 354
0 34 2 26 5
1 35 2 26 15
2 33 2 26 8
3 30 2 26 19
4 38 2 26 307
5 298 2 26 354
0 35 2 27 5
1 36 2 27 15
2 34 2 27 8
3 31 2 27 19
4 39 2 27 307
5 299 2 27 354
0 36 2 28 5
1 37 2 28 15
2 35 2 28 8
3 32 2 28 19
4 40 2 28 307
5 300 2 28 354
0 37 2 29 5
1 38 2 29 15
2 36 2 29 8
3 33 2 29 19
4 41 2 29 307
5 301 2 29 354
0 38 2 30 5
1 39 2 30 15
2 37 2 30 8
3 34 2 30 19
4 42 2 30 307
5 302 2 30 354
0 39 2 31 5
1 40 2 31 15
2 38 2 31 8
3 35 2 31 19
4 43 2 31 307
5 303 2 31 354
0 40 2 32 5
1 41 2 32 15
2 39 2 32 8
3 36 2 32 19
4 44 2 32 307
5 304 2 32 354
0 41 2 33 5
1 42 2 33 15
2 40 2 33 8
3 37 2 33 19
4 45 2 33 307
5 305 2 33 354
0 42 2 34 5
1 43 2 34 15
2 41 2 34 8
3 38 2 34 19
4 46 2 34 307
5 306 2 34 354
0 43 2 35 5
1 44 2 35 15
2 42 2 35 8
3 39 2 35 19
4 47 2 35 307
5 307 2 35 354
0 44 2 36 5
1 45 2 36 15
2 43 2 36 8
3 40 2 36 19
4 48 2 36 307
5 308 2 36 354
0 45 2 37 5
1 46 2 37 15
2 44 2 37 8
3 41 2 37 19
4 49 2 37 307
5 309 2 37 354
0 46 2 38 5
1 47 2 38 15
2 45 2 38 8
3 42 2 38 19
4 50 2 38 307
5 310 2 38 354
0 47 2 39 5
1 48 2 39 15
2 46 2 39 8
3 43 2 39 19
4 51 2 39 307
5 311 2 39 354
0 48 2 40 5
1 49 2 40 15
2 47 2 40 8
3 44 2 40 19
4 52 2 40 307
5 312 2 40 354
0 49 2 41 5
1 50 2 41 15
2 48 2 41 8
3 45 2 41 19
4 53 2 41 307
5 313 2 41 354
0 50 2 42 5
1 51 2 42 15
2 49 2 42 8
3 46 2 42 19
4 54 2 42 307
5 314 2 42 354
0 51 2 43 5
1 52 2 43 15
2 50 2 43 8
3 47 2 43 19
4 55 2 43 307
5 315 2 43 354
0 52 2 44 5
1 53 2 44 15
2 51 2 44 8
3 48 2 44 19
4 56 2 44 307
5 316 2 44 354
0 53 2 45 5
1 54 2 45 15
2 52 2 45 8
3 49 2 45 19
4 57 2 45 307
5 317 2 45 354
0 54 2 46 5
1 55 2 46 15
2 53 2 46 8
3 50 2 46 19
4 58 2 46 307
5 318 2 46 354
0 55 2 47 5
1 56 2 47 15
2 54 2 47 8
3 51 2 47 19
4 59 2 47 307
5 319 2 47 354
0 56 2 48 5
1 57 2 48 15
2 55 2 48 8
3 52 2 48 19
4 60 2 48 307
5 320 2 48 354
0 57 2 49 5
1 58 2 49 15
2 56 2 49 8
3 53 2 49 19
4 61 2 49 307
5 321 2 49 354
0 58 2 50 5
1 59 2 50 15
2 57 2 50 8
3 54 2 50 19
4 62 2 50 307
5 322 2 50 354
0 59 2 51 5
1 60 2 51 15
2 58 2 51 8
3 55 2 51 19
4 63 2 51 307
5 323 2 51 354
0 60 2 52 5
1 61 2 52 15
2 59 2 52 8
3 56 2 52 19
4 64 2 52 307
5 324 2 52 354
0 61 2 53 5
1 62 2 53 15
2 60 2 53 8
3 57 2 53 19
4 65 2 53 326
5 325 2 53 354
0 62 2 54 5
1 63 2 54 15
2 61 2 54 8
3 58 2 54 19
4 66 2 54 326
5 326 2 54 354
0 63 2 55 5
1 64 2 55 15
2 62 2 55 8
3 59 2 55 19
4 67 2 55 326
5 327 2 55 354
0 64 2 56 5
1 65 2 56 15
2 63 2 56 8
3 60 2 56 19
4 68 2 56 334
5 328 2 56 354
0 65 2 57 5
1 66 2 57 15
2 64 2 57 8
3 61 2 57 19
4 69 2 57 339
5 329 2 57 354
0 66 2 58 5
1 67 2 58 15
2 65 2 58 8
3 62 2 58 19
4 70 2 58 354
5 330 2 58 354
0 67 2 59 5
1 68 2 59 15
2 66 2 59 8
3 63 2 59 19
4 71 2 59 354
5 331 2 59 354
0 68 2 60 5
1 69 2 60 15
2 67 2 60 8
3 64 2 60 19
4 72 2 60 354
5 332 2 60 354
0 69 2 61 5
1 70 2 61 15
2 68 2 61 8
3 65 2 61 19
4 73 2 61 0
5 333 2 61 0
0 70 2 62 5
1 71 2 62 15
2 69 2 62 8
3 66 2 62 19
4 74 2 62 0
5 334 2 62 0
0 71 2 63 5
1 72 2 63 15
2 70 2 63 8
3 67 2 63 19
4 75 2 63 0
5 335 2 63 0
0 72 2 64 5
1 73 2 64 15
2 71 2 64 8
3 68 2 64 19
4 76 2 64 0
5 336 2 64 0
