0 7 1 1 0
1 8 1 1 0
2 6 1 1 0
3 1 1 1 0
4 13 1 1 0
5 403 1 1 0
0 8 1 2 5
1 9 1 2 0
2 7 1 2 8
3 2 1 2 0
4 14 1 2 0
5 404 1 2 0
0 9 1 3 5
1 10 1 3 0
2 8 1 3 8
3 3 1 3 0
4 15 1 3 0
5 405 1 3 0
0 10 1 4 5
1 11 1 4 0
2 9 1 4 8
3 4 1 4 0
4 16 1 4 0
5 406 1 4 0
0 11 1 5 5
1 12 1 5 0
2 10 1 5 8
3 5 1 5 0
4 17 1 5 0
5 407 1 5 0
0 12 1 6 5
1 13 1 6 27
2 11 1 6 8
3 6 1 6 31
4 18 1 6 0
5 408 1 6 0
0 13 1 7 5
1 14 1 7 27
2 12 1 7 8
3 7 1 7 31
4 19 1 7 0
5 409 1 7 0
0 14 1 8 5
1 15 1 8 27
2 13 1 8 8
3 8 1 8 31
4 20 1 8 0
5 410 1 8 0
0 15 1 9 5
1 16 1 9 27
2 14 1 9 8
3 9 1 9 31
4 21 1 9 0
5 411 1 9 0
0 16 1 10 5
1 17 1 10 27
2 15 1 10 8
3 10 1 10 31
4 22 1 10 0
5 412 1 10 0
0 17 1 11 5
1 18 1 11 27
2 16 1 11 8
3 11 1 11 31
4 23 1 11 0
5 413 1 11 0
0 18 1 12 5
1 19 1 12 27
2 17 1 12 8
3 12 1 12 31
4 24 1 12 0
5 414 1 12 0
0 19 1 13 5
1 20 1 13 27
2 18 1 13 8
3 13 1 13 31
4 25 1 13 0
5 415 1 13 0
0 20 1 14 5
1 21 1 14 27
2 19 1 14 8
3 14 1 14 31
4 26 1 14 0
5 416 1 14 0
0 21 1 15 5
1 22 1 15 27
2 20 1 15 8
3 15 1 15 31
4 27 1 15 0
5 417 1 15 0
0 22 1 16 5
1 23 1 16 27
2 21 1 16 8
3 16 1 16 31
4 28 1 16 0
5 418 1 16 0
0 23 1 17 5
1 24 1 17 27
2 22 1 17 8
3 17 1 17 31
4 29 1 17 0
5 419 1 17 0
0 24 1 18 5
1 25 1 18 27
2 23 1 18 8
3 18 1 18 31
4 30 1 18 0
5 420 1 18 0
0 25 1 19 5
1 26 1 19 27
2 24 1 19 8
3 19 1 19 31
4 31 1 19 0
5 421 1 19 0
0 26 1 20 5
1 27 1 20 27
2 25 1 20 8
3 20 1 20 31
4 32 1 20 0
5 422 1 20 0
0 27 1 21 5
1 28 1 21 27
2 26 1 21 8
3 21 1 21 31
4 33 1 21 0
5 423 1 21 0
0 28 1 22 5
1 29 1 22 27
2 27 1 22 8
3 22 1 22 31
4 34 1 22 0
5 424 1 22 0
0 29 1 23 5
1 30 1 23 27
2 28 1 23 8
3 23 1 23 31
4 35 1 23 0
5 425 1 23 0
0 30 1 24 5
1 31 1 24 27
2 29 1 24 8
3 24 1 24 31
4 36 1 24 0
5 426 1 24 0
0 31 1 25 5
1 32 1 25 27
2 30 1 25 8
3 25 1 25 31
4 37 1 25 0
5 427 1 25 0
0 32 1 26 5
1 33 1 26 27
2 31 1 26 8
3 26 1 26 31
4 38 1 26 0
5 428 1 26 0
0 33 1 27 5
1 34 1 27 27
2 32 1 27 8
3 27 1 27 31
4 39 1 27 0
5 429 1 27 0
0 34 1 28 5
1 35 1 28 27
2 33 1 28 8
3 28 1 28 31
4 40 1 28 0
5 430 1 28 0
0 35 1 29 5
1 36 1 29 27
2 34 1 29 8
3 29 1 29 31
4 41 1 29 0
5 431 1 29 0
0 36 1 30 5
1 37 1 30 27
2 35 1 30 8
3 30 1 30 31
4 42 1 30 0
5 432 1 30 0
0 37 1 31 5
1 38 1 31 27
2 36 1 31 8
3 31 1 31 31
4 43 1 31 0
5 433 1 31 0
0 38 1 32 5
1 39 1 32 27
2 37 1 32 8
3 32 1 32 31
4 44 1 32 0
5 434 1 32 0
0 39 1 33 5
1 40 1 33 27
2 38 1 33 8
3 33 1 33 31
4 45 1 33 0
5 435 1 33 0
0 40 1 34 5
1 41 1 34 27
2 39 1 34 8
3 34 1 34 31
4 46 1 34 0
5 436 1 34 0
0 41 1 35 5
1 42 1 35 27
2 40 1 35 8
3 35 1 35 31
4 47 1 35 0
5 437 1 35 0
0 42 1 36 5
1 43 1 36 27
2 41 1 36 8
3 36 1 36 31
4 48 1 36 0
5 438 1 36 0
0 43 1 37 5
1 44 1 37 27
2 42 1 37 8
3 37 1 37 31
4 49 1 37 0
5 439 1 37 0
0 44 1 38 5
1 45 1 38 27
2 43 1 38 8
3 38 1 38 31
4 50 1 38 0
5 440 1 38 0
0 45 1 39 5
1 46 1 39 27
2 44 1 39 8
3 39 1 39 31
4 51 1 39 0
5 441 1 39 0
0 46 1 40 5
1 47 1 40 27
2 45 1 40 8
3 40 1 40 31
4 52 1 40 0
5 442 1 40 0
0 47 1 41 5
1 48 1 41 27
2 46 1 41 8
3 41 1 41 31
4 53 1 41 0
5 443 1 41 0
0 48 1 42 5
1 49 1 42 27
2 47 1 42 8
3 42 1 42 31
4 54 1 42 0
5 444 1 42 0
0 49 1 43 5
1 50 1 43 27
2 48 1 43 8
3 43 1 43 31
4 55 1 43 0
5 445 1 43 0
0 50 1 44 5
1 51 1 44 27
2 49 1 44 8
3 44 1 44 31
4 56 1 44 0
5 446 1 44 0
0 51 1 45 5
1 52 1 45 27
2 50 1 45 8
3 45 1 45 31
4 57 1 45 0
5 447 1 45 0
0 52 1 46 5
1 53 1 46 27
2 51 1 46 8
3 46 1 46 31
4 58 1 46 0
5 448 1 46 0
0 53 1 47 5
1 54 1 47 27
2 52 1 47 8
3 47 1 47 31
4 59 1 47 0
5 449 1 47 0
0 54 1 48 5
1 55 1 48 27
2 53 1 48 8
3 48 1 48 31
4 60 1 48 0
5 450 1 48 0
0 55 1 49 5
1 56 1 49 27
2 54 1 49 8
3 49 1 49 31
4 61 1 49 0
5 451 1 49 0
0 56 1 50 5
1 57 1 50 27
2 55 1 50 8
3 50 1 50 31
4 62 1 50 0
5 452 1 50 0
0 57 1 51 5
1 58 1 51 27
2 56 1 51 8
3 51 1 51 31
4 63 1 51 0
5 453 1 51 0
0 58 1 52 5
1 59 1 52 27
2 57 1 52 8
3 52 1 52 31
4 64 1 52 0
5 454 1 52 0
0 59 1 53 5
1 60 1 53 27
2 58 1 53 8
3 53 1 53 31
4 65 1 53 0
5 455 1 53 0
0 60 1 54 5
1 61 1 54 27
2 59 1 54 8
3 54 1 54 31
4 66 1 54 0
5 456 1 54 0
0 61 1 55 5
1 62 1 55 27
2 60 1 55 8
3 55 1 55 31
4 67 1 55 0
5 457 1 55 0
0 62 1 56 5
1 63 1 56 27
2 61 1 56 8
3 56 1 56 31
4 68 1 56 0
5 458 1 56 0
0 63 1 57 5
1 64 1 57 27
2 62 1 57 8
3 57 1 57 31
4 69 1 57 0
5 459 1 57 0
0 64 1 58 5
1 65 1 58 27
2 63 1 58 8
3 58 1 58 31
4 70 1 58 0
5 460 1 58 0
0 65 1 59 5
1 66 1 59 27
2 64 1 59 8
3 59 1 59 31
4 71 1 59 0
5 461 1 59 0
0 66 1 60 5
1 67 1 60 27
2 65 1 60 8
3 60 1 60 31
4 72 1 60 0
5 462 1 60 0
0 67 1 61 5
1 68 1 61 27
2 66 1 61 8
3 61 1 61 31
4 73 1 61 0
5 463 1 61 0
0 68 1 62 5
1 69 1 62 27
2 67 1 62 8
3 62 1 62 31
4 74 1 62 0
5 464 1 62 0
0 69 1 63 5
1 70 1 63 27
2 68 1 63 8
3 63 1 63 31
4 75 1 63 0
5 465 1 63 0
0 70 1 64 5
1 71 1 64 27
2 69 1 64 8
3 64 1 64 31
4 76 1 64 0
5 466 1 64 0
0 14 2 2 303
1 15 2 2 298
2 13 2 2 311
3 8 2 2 342
4 20 2 2 271
5 410 2 2 342
0 15 2 3 5
1 16 2 3 298
2 14 2 3 8
3 9 2 3 342
4 21 2 3 271
5 411 2 3 342
0 16 2 4 5
1 17 2 4 298
2 15 2 4 8
3 10 2 4 342
4 22 2 4 271
5 412 2 4 342
0 17 2 5 5
1 18 2 5 298
2 16 2 5 8
3 11 2 5 342
4 23 2 5 271
5 413 2 5 342
0 18 2 6 5
1 19 2 6 298
2 17 2 6 8
3 12 2 6 342
4 24 2 6 271
5 414 2 6 342
0 19 2 7 5
1 20 2 7 27
2 18 2 7 8
3 13 2 7 31
4 25 2 7 271
5 415 2 7 342
0 20 2 8 5
1 21 2 8 27
2 19 2 8 8
3 14 2 8 31
4 26 2 8 271
5 416 2 8 342
0 21 2 9 5
1 22 2 9 27
2 20 2 9 8
3 15 2 9 31
4 27 2 9 271
5 417 2 9 342
0 22 2 10 5
1 23 2 10 27
2 21 2 10 8
3 16 2 10 31
4 28 2 10 271
5 418 2 10 342
0 23 2 11 5
1 24 2 11 27
2 22 2 11 8
3 17 2 11 31
4 29 2 11 271
5 419 2 11 342
0 24 2 12 5
1 25 2 12 27
2 23 2 12 8
3 18 2 12 31
4 30 2 12 271
5 420 2 12 342
0 25 2 13 5
1 26 2 13 27
2 24 2 13 8
3 19 2 13 31
4 31 2 13 271
5 421 2 13 342
0 26 2 14 5
1 27 2 14 27
2 25 2 14 8
3 20 2 14 31
4 32 2 14 271
5 422 2 14 342
0 27 2 15 5
1 28 2 15 27
2 26 2 15 8
3 21 2 15 31
4 33 2 15 271
5 423 2 15 342
0 28 2 16 5
1 29 2 16 27
2 27 2 16 8
3 22 2 16 31
4 34 2 16 271
5 424 2 16 342
0 29 2 17 5
1 30 2 17 27
2 28 2 17 8
3 23 2 17 31
4 35 2 17 271
5 425 2 17 342
0 30 2 18 5
1 31 2 18 27
2 29 2 18 8
3 24 2 18 31
4 36 2 18 271
5 426 2 18 342
0 31 2 19 5
1 32 2 19 27
2 30 2 19 8
3 25 2 19 31
4 37 2 19 271
5 427 2 19 342
0 32 2 20 5
1 33 2 20 27
2 31 2 20 8
3 26 2 20 31
4 38 2 20 271
5 428 2 20 342
0 33 2 21 5
1 34 2 21 27
2 32 2 21 8
3 27 2 21 31
4 39 2 21 271
5 429 2 21 342
0 34 2 22 5
1 35 2 22 27
2 33 2 22 8
3 28 2 22 31
4 40 2 22 271
5 430 2 22 342
0 35 2 23 5
1 36 2 23 27
2 34 2 23 8
3 29 2 23 31
4 41 2 23 271
5 431 2 23 342
0 36 2 24 5
1 37 2 24 27
2 35 2 24 8
3 30 2 24 31
4 42 2 24 271
5 432 2 24 342
0 37 2 25 5
1 38 2 25 27
2 36 2 25 8
3 31 2 25 31
4 43 2 25 271
5 433 2 25 342
0 38 2 26 5
1 39 2 26 27
2 37 2 26 8
3 32 2 26 31
4 44 2 26 271
5 434 2 26 342
0 39 2 27 5
1 40 2 27 27
2 38 2 27 8
3 33 2 27 31
4 45 2 27 271
5 435 2 27 342
0 40 2 28 5
1 41 2 28 27
2 39 2 28 8
3 34 2 28 31
4 46 2 28 271
5 436 2 28 342
0 41 2 29 5
1 42 2 29 27
2 40 2 29 8
3 35 2 29 31
4 47 2 29 271
5 437 2 29 342
0 42 2 30 5
1 43 2 30 27
2 41 2 30 8
3 36 2 30 31
4 48 2 30 271
5 438 2 30 342
0 43 2 31 5
1 44 2 31 27
2 42 2 31 8
3 37 2 31 31
4 49 2 31 271
5 439 2 31 342
0 44 2 32 5
1 45 2 32 27
2 43 2 32 8
3 38 2 32 31
4 50 2 32 271
5 440 2 32 342
0 45 2 33 5
1 46 2 33 27
2 44 2 33 8
3 39 2 33 31
4 51 2 33 271
5 441 2 33 342
0 46 2 34 5
1 47 2 34 27
2 45 2 34 8
3 40 2 34 31
4 52 2 34 271
5 442 2 34 342
0 47 2 35 5
1 48 2 35 27
2 46 2 35 8
3 41 2 35 31
4 53 2 35 271
5 443 2 35 342
0 48 2 36 5
1 49 2 36 27
2 47 2 36 8
3 42 2 36 31
4 54 2 36 271
5 444 2 36 342
0 49 2 37 5
1 50 2 37 27
2 48 2 37 8
3 43 2 37 31
4 55 2 37 271
5 445 2 37 342
0 50 2 38 5
1 51 2 38 27
2 49 2 38 8
3 44 2 38 31
4 56 2 38 271
5 446 2 38 342
0 51 2 39 5
1 52 2 39 27
2 50 2 39 8
3 45 2 39 31
4 57 2 39 271
5 447 2 39 342
0 52 2 40 5
1 53 2 40 27
2 51 2 40 8
3 46 2 40 31
4 58 2 40 271
5 448 2 40 342
0 53 2 41 5
1 54 2 41 27
2 52 2 41 8
3 47 2 41 31
4 59 2 41 271
5 449 2 41 342
0 54 2 42 5
1 55 2 42 27
2 53 2 42 8
3 48 2 42 31
4 60 2 42 271
5 450 2 42 342
0 55 2 43 5
1 56 2 43 27
2 54 2 43 8
3 49 2 43 31
4 61 2 43 271
5 451 2 43 342
0 56 2 44 5
1 57 2 44 27
2 55 2 44 8
3 50 2 44 31
4 62 2 44 271
5 452 2 44 342
0 57 2 45 5
1 58 2 45 27
2 56 2 45 8
3 51 2 45 31
4 63 2 45 271
5 453 2 45 342
0 58 2 46 5
1 59 2 46 27
2 57 2 46 8
3 52 2 46 31
4 64 2 46 271
5 454 2 46 342
0 59 2 47 5
1 60 2 47 27
2 58 2 47 8
3 53 2 47 31
4 65 2 47 302
5 455 2 47 342
0 60 2 48 5
1 61 2 48 27
2 59 2 48 8
3 54 2 48 31
4 66 2 48 302
5 456 2 48 342
0 61 2 49 5
1 62 2 49 27
2 60 2 49 8
3 55 2 49 31
4 67 2 49 302
5 457 2 49 342
0 62 2 50 5
1 63 2 50 27
2 61 2 50 8
3 56 2 50 31
4 68 2 50 302
5 458 2 50 342
0 63 2 51 5
1 64 2 51 27
2 62 2 51 8
3 57 2 51 31
4 69 2 51 302
5 459 2 51 342
0 64 2 52 5
1 65 2 52 27
2 63 2 52 8
3 58 2 52 31
4 70 2 52 310
5 460 2 52 342
0 65 2 53 5
1 66 2 53 27
2 64 2 53 8
3 59 2 53 31
4 71 2 53 315
5 461 2 53 342
0 66 2 54 5
1 67 2 54 27
2 65 2 54 8
3 60 2 54 31
4 72 2 54 342
5 462 2 54 342
0 67 2 55 5
1 68 2 55 27
2 66 2 55 8
3 61 2 55 31
4 73 2 55 342
5 463 2 55 342
0 68 2 56 5
1 69 2 56 27
2 67 2 56 8
3 62 2 56 31
4 74 2 56 342
5 464 2 56 342
0 69 2 57 5
1 70 2 57 27
2 68 2 57 8
3 63 2 57 31
4 75 2 57 342
5 465 2 57 342
0 70 2 58 5
1 71 2 58 27
2 69 2 58 8
3 64 2 58 31
4 76 2 58 342
5 466 2 58 342
0 71 2 59 5
1 72 2 59 27
2 70 2 59 8
3 65 2 59 31
4 77 2 59 0
5 467 2 59 0
0 72 2 60 5
1 73 2 60 27
2 71 2 60 8
3 66 2 60 31
4 78 2 60 0
5 468 2 60 0
0 73 2 61 5
1 74 2 61 27
2 72 2 61 8
3 67 2 61 31
4 79 2 61 0
5 469 2 61 0
0 74 2 62 5
1 75 2 62 27
2 73 2 62 8
3 68 2 62 31
4 80 2 62 0
5 470 2 62 0
0 75 2 63 5
1 76 2 63 27
2 74 2 63 8
3 69 2 63 31
4 81 2 63 0
5 471 2 63 0
0 76 2 64 5
1 77 2 64 27
2 75 2 64 8
3 70 2 64 31
4 82 2 64 0
5 472 2 64 0
0 21 3 3 297
1 22 3 3 292
2 20 3 3 305
3 15 3 3 336
4 27 3 3 265
5 417 3 3 336
0 22 3 4 5
1 23 3 4 292
2 21 3 4 8
3 16 3 4 336
4 28 3 4 265
5 418 3 4 336
0 23 3 5 5
1 24 3 5 292
2 22 3 5 8
3 17 3 5 336
4 29 3 5 265
5 419 3 5 336
0 24 3 6 5
1 25 3 6 292
2 23 3 6 8
3 18 3 6 336
4 30 3 6 265
5 420 3 6 336
0 25 3 7 5
1 26 3 7 292
2 24 3 7 8
3 19 3 7 336
4 31 3 7 265
5 421 3 7 336
0 26 3 8 5
1 27 3 8 27
2 25 3 8 8
3 20 3 8 31
4 32 3 8 265
5 422 3 8 336
0 27 3 9 5
1 28 3 9 27
2 26 3 9 8
3 21 3 9 31
4 33 3 9 265
5 423 3 9 336
0 28 3 10 5
1 29 3 10 27
2 27 3 10 8
3 22 3 10 31
4 34 3 10 265
5 424 3 10 336
0 29 3 11 5
1 30 3 11 27
2 28 3 11 8
3 23 3 11 31
4 35 3 11 265
5 425 3 11 336
0 30 3 12 5
1 31 3 12 27
2 29 3 12 8
3 24 3 12 31
4 36 3 12 265
5 426 3 12 336
0 31 3 13 5
1 32 3 13 27
2 30 3 13 8
3 25 3 13 31
4 37 3 13 265
5 427 3 13 336
0 32 3 14 5
1 33 3 14 27
2 31 3 14 8
3 26 3 14 31
4 38 3 14 265
5 428 3 14 336
0 33 3 15 5
1 34 3 15 27
2 32 3 15 8
3 27 3 15 31
4 39 3 15 265
5 429 3 15 336
0 34 3 16 5
1 35 3 16 27
2 33 3 16 8
3 28 3 16 31
4 40 3 16 265
5 430 3 16 336
0 35 3 17 5
1 36 3 17 27
2 34 3 17 8
3 29 3 17 31
4 41 3 17 265
5 431 3 17 336
0 36 3 18 5
1 37 3 18 27
2 35 3 18 8
3 30 3 18 31
4 42 3 18 265
5 432 3 18 336
0 37 3 19 5
1 38 3 19 27
2 36 3 19 8
3 31 3 19 31
4 43 3 19 265
5 433 3 19 336
0 38 3 20 5
1 39 3 20 27
2 37 3 20 8
3 32 3 20 31
4 44 3 20 265
5 434 3 20 336
0 39 3 21 5
1 40 3 21 27
2 38 3 21 8
3 33 3 21 31
4 45 3 21 265
5 435 3 21 336
0 40 3 22 5
1 41 3 22 27
2 39 3 22 8
3 34 3 22 31
4 46 3 22 265
5 436 3 22 336
0 41 3 23 5
1 42 3 23 27
2 40 3 23 8
3 35 3 23 31
4 47 3 23 265
5 437 3 23 336
0 42 3 24 5
1 43 3 24 27
2 41 3 24 8
3 36 3 24 31
4 48 3 24 265
5 438 3 24 336
0 43 3 25 5
1 44 3 25 27
2 42 3 25 8
3 37 3 25 31
4 49 3 25 265
5 439 3 25 336
0 44 3 26 5
1 45 3 26 27
2 43 3 26 8
3 38 3 26 31
4 50 3 26 265
5 440 3 26 336
0 45 3 27 5
1 46 3 27 27
2 44 3 27 8
3 39 3 27 31
4 51 3 27 265
5 441 3 27 336
0 46 3 28 5
1 47 3 28 27
2 45 3 28 8
3 40 3 28 31
4 52 3 28 265
5 442 3 28 336
0 47 3 29 5
1 48 3 29 27
2 46 3 29 8
3 41 3 29 31
4 53 3 29 265
5 443 3 29 336
0 48 3 30 5
1 49 3 30 27
2 47 3 30 8
3 42 3 30 31
4 54 3 30 265
5 444 3 30 336
0 49 3 31 5
1 50 3 31 27
2 48 3 31 8
3 43 3 31 31
4 55 3 31 265
5 445 3 31 336
0 50 3 32 5
1 51 3 32 27
2 49 3 32 8
3 44 3 32 31
4 56 3 32 265
5 446 3 32 336
0 51 3 33 5
1 52 3 33 27
2 50 3 33 8
3 45 3 33 31
4 57 3 33 265
5 447 3 33 336
0 52 3 34 5
1 53 3 34 27
2 51 3 34 8
3 46 3 34 31
4 58 3 34 265
5 448 3 34 336
0 53 3 35 5
1 54 3 35 27
2 52 3 35 8
3 47 3 35 31
4 59 3 35 265
5 449 3 35 336
0 54 3 36 5
1 55 3 36 27
2 53 3 36 8
3 48 3 36 31
4 60 3 36 265
5 450 3 36 336
0 55 3 37 5
1 56 3 37 27
2 54 3 37 8
3 49 3 37 31
4 61 3 37 265
5 451 3 37 336
0 56 3 38 5
1 57 3 38 27
2 55 3 38 8
3 50 3 38 31
4 62 3 38 265
5 452 3 38 336
0 57 3 39 5
1 58 3 39 27
2 56 3 39 8
3 51 3 39 31
4 63 3 39 265
5 453 3 39 336
0 58 3 40 5
1 59 3 40 27
2 57 3 40 8
3 52 3 40 31
4 64 3 40 265
5 454 3 40 336
0 59 3 41 5
1 60 3 41 27
2 58 3 41 8
3 53 3 41 31
4 65 3 41 265
5 455 3 41 336
0 60 3 42 5
1 61 3 42 27
2 59 3 42 8
3 54 3 42 31
4 66 3 42 265
5 456 3 42 336
0 61 3 43 5
1 62 3 43 27
2 60 3 43 8
3 55 3 43 31
4 67 3 43 265
5 457 3 43 336
0 62 3 44 5
1 63 3 44 27
2 61 3 44 8
3 56 3 44 31
4 68 3 44 265
5 458 3 44 336
0 63 3 45 5
1 64 3 45 27
2 62 3 45 8
3 57 3 45 31
4 69 3 45 265
5 459 3 45 336
0 64 3 46 5
1 65 3 46 27
2 63 3 46 8
3 58 3 46 31
4 70 3 46 265
5 460 3 46 336
0 65 3 47 5
1 66 3 47 27
2 64 3 47 8
3 59 3 47 31
4 71 3 47 296
5 461 3 47 336
0 66 3 48 5
1 67 3 48 27
2 65 3 48 8
3 60 3 48 31
4 72 3 48 296
5 462 3 48 336
0 67 3 49 5
1 68 3 49 27
2 66 3 49 8
3 61 3 49 31
4 73 3 49 296
5 463 3 49 336
0 68 3 50 5
1 69 3 50 27
2 67 3 50 8
3 62 3 50 31
4 74 3 50 296
5 464 3 50 336
0 69 3 51 5
1 70 3 51 27
2 68 3 51 8
3 63 3 51 31
4 75 3 51 296
5 465 3 51 336
0 70 3 52 5
1 71 3 52 27
2 69 3 52 8
3 64 3 52 31
4 76 3 52 304
5 466 3 52 336
0 71 3 53 5
1 72 3 53 27
2 70 3 53 8
3 65 3 53 31
4 77 3 53 309
5 467 3 53 336
0 72 3 54 5
1 73 3 54 27
2 71 3 54 8
3 66 3 54 31
4 78 3 54 336
5 468 3 54 336
0 73 3 55 5
1 74 3 55 27
2 72 3 55 8
3 67 3 55 31
4 79 3 55 336
5 469 3 55 336
0 74 3 56 5
1 75 3 56 27
2 73 3 56 8
3 68 3 56 31
4 80 3 56 336
5 470 3 56 336
0 75 3 57 5
1 76 3 57 27
2 74 3 57 8
3 69 3 57 31
4 81 3 57 336
5 471 3 57 336
0 76 3 58 5
1 77 3 58 27
2 75 3 58 8
3 70 3 58 31
4 82 3 58 336
5 472 3 58 336
0 77 3 59 5
1 78 3 59 27
2 76 3 59 8
3 71 3 59 31
4 83 3 59 0
5 473 3 59 0
0 78 3 60 5
1 79 3 60 27
2 77 3 60 8
3 72 3 60 31
4 84 3 60 0
5 474 3 60 0
0 79 3 61 5
1 80 3 61 27
2 78 3 61 8
3 73 3 61 31
4 85 3 61 0
5 475 3 61 0
0 80 3 62 5
1 81 3 62 27
2 79 3 62 8
3 74 3 62 31
4 86 3 62 0
5 476 3 62 0
0 81 3 63 5
1 82 3 63 27
2 80 3 63 8
3 75 3 63 31
4 87 3 63 0
5 477 3 63 0
0 82 3 64 5
1 83 3 64 27
2 81 3 64 8
3 76 3 64 31
4 88 3 64 0
5 478 3 64 0
0 28 4 4 291
1 29 4 4 286
2 27 4 4 299
3 22 4 4 330
4 34 4 4 259
5 424 4 4 330
0 29 4 5 5
1 30 4 5 286
2 28 4 5 8
3 23 4 5 330
4 35 4 5 259
5 425 4 5 330
0 30 4 6 5
1 31 4 6 286
2 29 4 6 8
3 24 4 6 330
4 36 4 6 259
5 426 4 6 330
0 31 4 7 5
1 32 4 7 286
2 30 4 7 8
3 25 4 7 330
4 37 4 7 259
5 427 4 7 330
0 32 4 8 5
1 33 4 8 286
2 31 4 8 8
3 26 4 8 330
4 38 4 8 259
5 428 4 8 330
0 33 4 9 5
1 34 4 9 27
2 32 4 9 8
3 27 4 9 31
4 39 4 9 259
5 429 4 9 330
0 34 4 10 5
1 35 4 10 27
2 33 4 10 8
3 28 4 10 31
4 40 4 10 259
5 430 4 10 330
0 35 4 11 5
1 36 4 11 27
2 34 4 11 8
3 29 4 11 31
4 41 4 11 259
5 431 4 11 330
0 36 4 12 5
1 37 4 12 27
2 35 4 12 8
3 30 4 12 31
4 42 4 12 259
5 432 4 12 330
0 37 4 13 5
1 38 4 13 27
2 36 4 13 8
3 31 4 13 31
4 43 4 13 259
5 433 4 13 330
0 38 4 14 5
1 39 4 14 27
2 37 4 14 8
3 32 4 14 31
4 44 4 14 259
5 434 4 14 330
0 39 4 15 5
1 40 4 15 27
2 38 4 15 8
3 33 4 15 31
4 45 4 15 259
5 435 4 15 330
0 40 4 16 5
1 41 4 16 27
2 39 4 16 8
3 34 4 16 31
4 46 4 16 259
5 436 4 16 330
0 41 4 17 5
1 42 4 17 27
2 40 4 17 8
3 35 4 17 31
4 47 4 17 259
5 437 4 17 330
0 42 4 18 5
1 43 4 18 27
2 41 4 18 8
3 36 4 18 31
4 48 4 18 259
5 438 4 18 330
0 43 4 19 5
1 44 4 19 27
2 42 4 19 8
3 37 4 19 31
4 49 4 19 259
5 439 4 19 330
0 44 4 20 5
1 45 4 20 27
2 43 4 20 8
3 38 4 20 31
4 50 4 20 259
5 440 4 20 330
0 45 4 21 5
1 46 4 21 27
2 44 4 21 8
3 39 4 21 31
4 51 4 21 259
5 441 4 21 330
0 46 4 22 5
1 47 4 22 27
2 45 4 22 8
3 40 4 22 31
4 52 4 22 259
5 442 4 22 330
0 47 4 23 5
1 48 4 23 27
2 46 4 23 8
3 41 4 23 31
4 53 4 23 259
5 443 4 23 330
0 48 4 24 5
1 49 4 24 27
2 47 4 24 8
3 42 4 24 31
4 54 4 24 259
5 444 4 24 330
0 49 4 25 5
1 50 4 25 27
2 48 4 25 8
3 43 4 25 31
4 55 4 25 259
5 445 4 25 330
0 50 4 26 5
1 51 4 26 27
2 49 4 26 8
3 44 4 26 31
4 56 4 26 259
5 446 4 26 330
0 51 4 27 5
1 52 4 27 27
2 50 4 27 8
3 45 4 27 31
4 57 4 27 259
5 447 4 27 330
0 52 4 28 5
1 53 4 28 27
2 51 4 28 8
3 46 4 28 31
4 58 4 28 259
5 448 4 28 330
0 53 4 29 5
1 54 4 29 27
2 52 4 29 8
3 47 4 29 31
4 59 4 29 259
5 449 4 29 330
0 54 4 30 5
1 55 4 30 27
2 53 4 30 8
3 48 4 30 31
4 60 4 30 259
5 450 4 30 330
0 55 4 31 5
1 56 4 31 27
2 54 4 31 8
3 49 4 31 31
4 61 4 31 259
5 451 4 31 330
0 56 4 32 5
1 57 4 32 27
2 55 4 32 8
3 50 4 32 31
4 62 4 32 259
5 452 4 32 330
0 57 4 33 5
1 58 4 33 27
2 56 4 33 8
3 51 4 33 31
4 63 4 33 259
5 453 4 33 330
0 58 4 34 5
1 59 4 34 27
2 57 4 34 8
3 52 4 34 31
4 64 4 34 259
5 454 4 34 330
0 59 4 35 5
1 60 4 35 27
2 58 4 35 8
3 53 4 35 31
4 65 4 35 259
5 455 4 35 330
0 60 4 36 5
1 61 4 36 27
2 59 4 36 8
3 54 4 36 31
4 66 4 36 259
5 456 4 36 330
0 61 4 37 5
1 62 4 37 27
2 60 4 37 8
3 55 4 37 31
4 67 4 37 259
5 457 4 37 330
0 62 4 38 5
1 63 4 38 27
2 61 4 38 8
3 56 4 38 31
4 68 4 38 259
5 458 4 38 330
0 63 4 39 5
1 64 4 39 27
2 62 4 39 8
3 57 4 39 31
4 69 4 39 259
5 459 4 39 330
0 64 4 40 5
1 65 4 40 27
2 63 4 40 8
3 58 4 40 31
4 70 4 40 259
5 460 4 40 330
0 65 4 41 5
1 66 4 41 27
2 64 4 41 8
3 59 4 41 31
4 71 4 41 259
5 461 4 41 330
0 66 4 42 5
1 67 4 42 27
2 65 4 42 8
3 60 4 42 31
4 72 4 42 259
5 462 4 42 330
0 67 4 43 5
1 68 4 43 27
2 66 4 43 8
3 61 4 43 31
4 73 4 43 259
5 463 4 43 330
0 68 4 44 5
1 69 4 44 27
2 67 4 44 8
3 62 4 44 31
4 74 4 44 259
5 464 4 44 330
0 69 4 45 5
1 70 4 45 27
2 68 4 45 8
3 63 4 45 31
4 75 4 45 259
5 465 4 45 330
0 70 4 46 5
1 71 4 46 27
2 69 4 46 8
3 64 4 46 31
4 76 4 46 259
5 466 4 46 330
0 71 4 47 5
1 72 4 47 27
2 70 4 47 8
3 65 4 47 31
4 77 4 47 290
5 467 4 47 330
0 72 4 48 5
1 73 4 48 27
2 71 4 48 8
3 66 4 48 31
4 78 4 48 290
5 468 4 48 330
0 73 4 49 5
1 74 4 49 27
2 72 4 49 8
3 67 4 49 31
4 79 4 49 290
5 469 4 49 330
0 74 4 50 5
1 75 4 50 27
2 73 4 50 8
3 68 4 50 31
4 80 4 50 290
5 470 4 50 330
0 75 4 51 5
1 76 4 51 27
2 74 4 51 8
3 69 4 51 31
4 81 4 51 290
5 471 4 51 330
0 76 4 52 5
1 77 4 52 27
2 75 4 52 8
3 70 4 52 31
4 82 4 52 298
5 472 4 52 330
0 77 4 53 5
1 78 4 53 27
2 76 4 53 8
3 71 4 53 31
4 83 4 53 303
5 473 4 53 330
0 78 4 54 5
1 79 4 54 27
2 77 4 54 8
3 72 4 54 31
4 84 4 54 330
5 474 4 54 330
0 79 4 55 5
1 80 4 55 27
2 78 4 55 8
3 73 4 55 31
4 85 4 55 330
5 475 4 55 330
0 80 4 56 5
1 81 4 56 27
2 79 4 56 8
3 74 4 56 31
4 86 4 56 330
5 476 4 56 330
0 81 4 57 5
1 82 4 57 27
2 80 4 57 8
3 75 4 57 31
4 87 4 57 330
5 477 4 57 330
0 82 4 58 5
1 83 4 58 27
2 81 4 58 8
3 76 4 58 31
4 88 4 58 330
5 478 4 58 330
0 83 4 59 5
1 84 4 59 27
2 82 4 59 8
3 77 4 59 31
4 89 4 59 0
5 479 4 59 0
0 84 4 60 5
1 85 4 60 27
2 83 4 60 8
3 78 4 60 31
4 90 4 60 0
5 480 4 60 0
0 85 4 61 5
1 86 4 61 27
2 84 4 61 8
3 79 4 61 31
4 91 4 61 0
5 481 4 61 0
0 86 4 62 5
1 87 4 62 27
2 85 4 62 8
3 80 4 62 31
4 92 4 62 0
5 482 4 62 0
0 87 4 63 5
1 88 4 63 27
2 86 4 63 8
3 81 4 63 31
4 93 4 63 0
5 483 4 63 0
0 88 4 64 5
1 89 4 64 27
2 87 4 64 8
3 82 4 64 31
4 94 4 64 0
5 484 4 64 0
