0 19 1 1 0
1 20 1 1 0
2 18 1 1 0
3 1 1 1 0
4 37 1 1 0
5 1207 1 1 0
0 20 1 2 5
1 21 1 2 0
2 19 1 2 8
3 2 1 2 0
4 38 1 2 0
5 1208 1 2 0
0 21 1 3 5
1 22 1 3 0
2 20 1 3 8
3 3 1 3 0
4 39 1 3 0
5 1209 1 3 0
0 22 1 4 5
1 23 1 4 0
2 21 1 4 8
3 4 1 4 0
4 40 1 4 0
5 1210 1 4 0
0 23 1 5 5
1 24 1 5 0
2 22 1 5 8
3 5 1 5 0
4 41 1 5 0
5 1211 1 5 0
0 24 1 6 5
1 25 1 6 0
2 23 1 6 8
3 6 1 6 0
4 42 1 6 0
5 1212 1 6 0
0 25 1 7 5
1 26 1 7 0
2 24 1 7 8
3 7 1 7 0
4 43 1 7 0
5 1213 1 7 0
0 26 1 8 5
1 27 1 8 0
2 25 1 8 8
3 8 1 8 0
4 44 1 8 0
5 1214 1 8 0
0 27 1 9 5
1 28 1 9 0
2 26 1 9 8
3 9 1 9 0
4 45 1 9 0
5 1215 1 9 0
0 28 1 10 5
1 29 1 10 0
2 27 1 10 8
3 10 1 10 0
4 46 1 10 0
5 1216 1 10 0
0 29 1 11 5
1 30 1 11 0
2 28 1 11 8
3 11 1 11 0
4 47 1 11 0
5 1217 1 11 0
0 30 1 12 5
1 31 1 12 0
2 29 1 12 8
3 12 1 12 0
4 48 1 12 0
5 1218 1 12 0
0 31 1 13 5
1 32 1 13 0
2 30 1 13 8
3 13 1 13 0
4 49 1 13 0
5 1219 1 13 0
0 32 1 14 5
1 33 1 14 0
2 31 1 14 8
3 14 1 14 0
4 50 1 14 0
5 1220 1 14 0
0 33 1 15 5
1 34 1 15 0
2 32 1 15 8
3 15 1 15 0
4 51 1 15 0
5 1221 1 15 0
0 34 1 16 5
1 35 1 16 0
2 33 1 16 8
3 16 1 16 0
4 52 1 16 0
5 1222 1 16 0
0 35 1 17 5
1 36 1 17 0
2 34 1 17 8
3 17 1 17 0
4 53 1 17 0
5 1223 1 17 0
0 36 1 18 5
1 37 1 18 99
2 35 1 18 8
3 18 1 18 103
4 54 1 18 0
5 1224 1 18 0
0 37 1 19 5
1 38 1 19 99
2 36 1 19 8
3 19 1 19 103
4 55 1 19 0
5 1225 1 19 0
0 38 1 20 5
1 39 1 20 99
2 37 1 20 8
3 20 1 20 103
4 56 1 20 0
5 1226 1 20 0
0 39 1 21 5
1 40 1 21 99
2 38 1 21 8
3 21 1 21 103
4 57 1 21 0
5 1227 1 21 0
0 40 1 22 5
1 41 1 22 99
2 39 1 22 8
3 22 1 22 103
4 58 1 22 0
5 1228 1 22 0
0 41 1 23 5
1 42 1 23 99
2 40 1 23 8
3 23 1 23 103
4 59 1 23 0
5 1229 1 23 0
0 42 1 24 5
1 43 1 24 99
2 41 1 24 8
3 24 1 24 103
4 60 1 24 0
5 1230 1 24 0
0 43 1 25 5
1 44 1 25 99
2 42 1 25 8
3 25 1 25 103
4 61 1 25 0
5 1231 1 25 0
0 44 1 26 5
1 45 1 26 99
2 43 1 26 8
3 26 1 26 103
4 62 1 26 0
5 1232 1 26 0
0 45 1 27 5
1 46 1 27 99
2 44 1 27 8
3 27 1 27 103
4 63 1 27 0
5 1233 1 27 0
0 46 1 28 5
1 47 1 28 99
2 45 1 28 8
3 28 1 28 103
4 64 1 28 0
5 1234 1 28 0
0 47 1 29 5
1 48 1 29 99
2 46 1 29 8
3 29 1 29 103
4 65 1 29 0
5 1235 1 29 0
0 48 1 30 5
1 49 1 30 99
2 47 1 30 8
3 30 1 30 103
4 66 1 30 0
5 1236 1 30 0
0 49 1 31 5
1 50 1 31 99
2 48 1 31 8
3 31 1 31 103
4 67 1 31 0
5 1237 1 31 0
0 50 1 32 5
1 51 1 32 99
2 49 1 32 8
3 32 1 32 103
4 68 1 32 0
5 1238 1 32 0
0 51 1 33 5
1 52 1 33 99
2 50 1 33 8
3 33 1 33 103
4 69 1 33 0
5 1239 1 33 0
0 52 1 34 5
1 53 1 34 99
2 51 1 34 8
3 34 1 34 103
4 70 1 34 0
5 1240 1 34 0
0 53 1 35 5
1 54 1 35 99
2 52 1 35 8
3 35 1 35 103
4 71 1 35 0
5 1241 1 35 0
0 54 1 36 5
1 55 1 36 99
2 53 1 36 8
3 36 1 36 103
4 72 1 36 0
5 1242 1 36 0
0 55 1 37 5
1 56 1 37 99
2 54 1 37 8
3 37 1 37 103
4 73 1 37 0
5 1243 1 37 0
0 56 1 38 5
1 57 1 38 99
2 55 1 38 8
3 38 1 38 103
4 74 1 38 0
5 1244 1 38 0
0 57 1 39 5
1 58 1 39 99
2 56 1 39 8
3 39 1 39 103
4 75 1 39 0
5 1245 1 39 0
0 58 1 40 5
1 59 1 40 99
2 57 1 40 8
3 40 1 40 103
4 76 1 40 0
5 1246 1 40 0
0 59 1 41 5
1 60 1 41 99
2 58 1 41 8
3 41 1 41 103
4 77 1 41 0
5 1247 1 41 0
0 60 1 42 5
1 61 1 42 99
2 59 1 42 8
3 42 1 42 103
4 78 1 42 0
5 1248 1 42 0
0 61 1 43 5
1 62 1 43 99
2 60 1 43 8
3 43 1 43 103
4 79 1 43 0
5 1249 1 43 0
0 62 1 44 5
1 63 1 44 99
2 61 1 44 8
3 44 1 44 103
4 80 1 44 0
5 1250 1 44 0
0 63 1 45 5
1 64 1 45 99
2 62 1 45 8
3 45 1 45 103
4 81 1 45 0
5 1251 1 45 0
0 64 1 46 5
1 65 1 46 99
2 63 1 46 8
3 46 1 46 103
4 82 1 46 0
5 1252 1 46 0
0 65 1 47 5
1 66 1 47 99
2 64 1 47 8
3 47 1 47 103
4 83 1 47 0
5 1253 1 47 0
0 66 1 48 5
1 67 1 48 99
2 65 1 48 8
3 48 1 48 103
4 84 1 48 0
5 1254 1 48 0
0 67 1 49 5
1 68 1 49 99
2 66 1 49 8
3 49 1 49 103
4 85 1 49 0
5 1255 1 49 0
0 68 1 50 5
1 69 1 50 99
2 67 1 50 8
3 50 1 50 103
4 86 1 50 0
5 1256 1 50 0
0 69 1 51 5
1 70 1 51 99
2 68 1 51 8
3 51 1 51 103
4 87 1 51 0
5 1257 1 51 0
0 70 1 52 5
1 71 1 52 99
2 69 1 52 8
3 52 1 52 103
4 88 1 52 0
5 1258 1 52 0
0 71 1 53 5
1 72 1 53 99
2 70 1 53 8
3 53 1 53 103
4 89 1 53 0
5 1259 1 53 0
0 72 1 54 5
1 73 1 54 99
2 71 1 54 8
3 54 1 54 103
4 90 1 54 0
5 1260 1 54 0
0 73 1 55 5
1 74 1 55 99
2 72 1 55 8
3 55 1 55 103
4 91 1 55 0
5 1261 1 55 0
0 74 1 56 5
1 75 1 56 99
2 73 1 56 8
3 56 1 56 103
4 92 1 56 0
5 1262 1 56 0
0 75 1 57 5
1 76 1 57 99
2 74 1 57 8
3 57 1 57 103
4 93 1 57 0
5 1263 1 57 0
0 76 1 58 5
1 77 1 58 99
2 75 1 58 8
3 58 1 58 103
4 94 1 58 0
5 1264 1 58 0
0 77 1 59 5
1 78 1 59 99
2 76 1 59 8
3 59 1 59 103
4 95 1 59 0
5 1265 1 59 0
0 78 1 60 5
1 79 1 60 99
2 77 1 60 8
3 60 1 60 103
4 96 1 60 0
5 1266 1 60 0
0 79 1 61 5
1 80 1 61 99
2 78 1 61 8
3 61 1 61 103
4 97 1 61 0
5 1267 1 61 0
0 80 1 62 5
1 81 1 62 99
2 79 1 62 8
3 62 1 62 103
4 98 1 62 0
5 1268 1 62 0
0 81 1 63 5
1 82 1 63 99
2 80 1 63 8
3 63 1 63 103
4 99 1 63 0
5 1269 1 63 0
0 82 1 64 5
1 83 1 64 99
2 81 1 64 8
3 64 1 64 103
4 100 1 64 0
5 1270 1 64 0
0 38 2 2 159
1 39 2 2 154
2 37 2 2 167
3 20 2 2 270
4 56 2 2 55
5 1226 2 2 270
0 39 2 3 5
1 40 2 3 154
2 38 2 3 8
3 21 2 3 270
4 57 2 3 55
5 1227 2 3 270
0 40 2 4 5
1 41 2 4 154
2 39 2 4 8
3 22 2 4 270
4 58 2 4 55
5 1228 2 4 270
0 41 2 5 5
1 42 2 5 154
2 40 2 5 8
3 23 2 5 270
4 59 2 5 55
5 1229 2 5 270
0 42 2 6 5
1 43 2 6 154
2 41 2 6 8
3 24 2 6 270
4 60 2 6 55
5 1230 2 6 270
0 43 2 7 5
1 44 2 7 154
2 42 2 7 8
3 25 2 7 270
4 61 2 7 55
5 1231 2 7 270
0 44 2 8 5
1 45 2 8 154
2 43 2 8 8
3 26 2 8 270
4 62 2 8 55
5 1232 2 8 270
0 45 2 9 5
1 46 2 9 154
2 44 2 9 8
3 27 2 9 270
4 63 2 9 55
5 1233 2 9 270
0 46 2 10 5
1 47 2 10 154
2 45 2 10 8
3 28 2 10 270
4 64 2 10 55
5 1234 2 10 270
0 47 2 11 5
1 48 2 11 154
2 46 2 11 8
3 29 2 11 270
4 65 2 11 158
5 1235 2 11 270
0 48 2 12 5
1 49 2 12 154
2 47 2 12 8
3 30 2 12 270
4 66 2 12 158
5 1236 2 12 270
0 49 2 13 5
1 50 2 13 154
2 48 2 13 8
3 31 2 13 270
4 67 2 13 158
5 1237 2 13 270
0 50 2 14 5
1 51 2 14 154
2 49 2 14 8
3 32 2 14 270
4 68 2 14 158
5 1238 2 14 270
0 51 2 15 5
1 52 2 15 154
2 50 2 15 8
3 33 2 15 270
4 69 2 15 158
5 1239 2 15 270
0 52 2 16 5
1 53 2 16 154
2 51 2 16 8
3 34 2 16 270
4 70 2 16 158
5 1240 2 16 270
0 53 2 17 5
1 54 2 17 154
2 52 2 17 8
3 35 2 17 270
4 71 2 17 158
5 1241 2 17 270
0 54 2 18 5
1 55 2 18 154
2 53 2 18 8
3 36 2 18 270
4 72 2 18 158
5 1242 2 18 270
0 55 2 19 5
1 56 2 19 99
2 54 2 19 8
3 37 2 19 103
4 73 2 19 158
5 1243 2 19 270
0 56 2 20 5
1 57 2 20 99
2 55 2 20 8
3 38 2 20 103
4 74 2 20 158
5 1244 2 20 270
0 57 2 21 5
1 58 2 21 99
2 56 2 21 8
3 39 2 21 103
4 75 2 21 158
5 1245 2 21 270
0 58 2 22 5
1 59 2 22 99
2 57 2 22 8
3 40 2 22 103
4 76 2 22 158
5 1246 2 22 270
0 59 2 23 5
1 60 2 23 99
2 58 2 23 8
3 41 2 23 103
4 77 2 23 158
5 1247 2 23 270
0 60 2 24 5
1 61 2 24 99
2 59 2 24 8
3 42 2 24 103
4 78 2 24 158
5 1248 2 24 270
0 61 2 25 5
1 62 2 25 99
2 60 2 25 8
3 43 2 25 103
4 79 2 25 158
5 1249 2 25 270
0 62 2 26 5
1 63 2 26 99
2 61 2 26 8
3 44 2 26 103
4 80 2 26 158
5 1250 2 26 270
0 63 2 27 5
1 64 2 27 99
2 62 2 27 8
3 45 2 27 103
4 81 2 27 158
5 1251 2 27 270
0 64 2 28 5
1 65 2 28 99
2 63 2 28 8
3 46 2 28 103
4 82 2 28 166
5 1252 2 28 270
0 65 2 29 5
1 66 2 29 99
2 64 2 29 8
3 47 2 29 103
4 83 2 29 171
5 1253 2 29 270
0 66 2 30 5
1 67 2 30 99
2 65 2 30 8
3 48 2 30 103
4 84 2 30 270
5 1254 2 30 270
0 67 2 31 5
1 68 2 31 99
2 66 2 31 8
3 49 2 31 103
4 85 2 31 270
5 1255 2 31 270
0 68 2 32 5
1 69 2 32 99
2 67 2 32 8
3 50 2 32 103
4 86 2 32 270
5 1256 2 32 270
0 69 2 33 5
1 70 2 33 99
2 68 2 33 8
3 51 2 33 103
4 87 2 33 270
5 1257 2 33 270
0 70 2 34 5
1 71 2 34 99
2 69 2 34 8
3 52 2 34 103
4 88 2 34 270
5 1258 2 34 270
0 71 2 35 5
1 72 2 35 99
2 70 2 35 8
3 53 2 35 103
4 89 2 35 270
5 1259 2 35 270
0 72 2 36 5
1 73 2 36 99
2 71 2 36 8
3 54 2 36 103
4 90 2 36 270
5 1260 2 36 270
0 73 2 37 5
1 74 2 37 99
2 72 2 37 8
3 55 2 37 103
4 91 2 37 270
5 1261 2 37 270
0 74 2 38 5
1 75 2 38 99
2 73 2 38 8
3 56 2 38 103
4 92 2 38 270
5 1262 2 38 270
0 75 2 39 5
1 76 2 39 99
2 74 2 39 8
3 57 2 39 103
4 93 2 39 270
5 1263 2 39 270
0 76 2 40 5
1 77 2 40 99
2 75 2 40 8
3 58 2 40 103
4 94 2 40 270
5 1264 2 40 270
0 77 2 41 5
1 78 2 41 99
2 76 2 41 8
3 59 2 41 103
4 95 2 41 270
5 1265 2 41 270
0 78 2 42 5
1 79 2 42 99
2 77 2 42 8
3 60 2 42 103
4 96 2 42 270
5 1266 2 42 270
0 79 2 43 5
1 80 2 43 99
2 78 2 43 8
3 61 2 43 103
4 97 2 43 270
5 1267 2 43 270
0 80 2 44 5
1 81 2 44 99
2 79 2 44 8
3 62 2 44 103
4 98 2 44 270
5 1268 2 44 270
0 81 2 45 5
1 82 2 45 99
2 80 2 45 8
3 63 2 45 103
4 99 2 45 270
5 1269 2 45 270
0 82 2 46 5
1 83 2 46 99
2 81 2 46 8
3 64 2 46 103
4 100 2 46 270
5 1270 2 46 270
0 83 2 47 5
1 84 2 47 99
2 82 2 47 8
3 65 2 47 103
4 101 2 47 0
5 1271 2 47 0
0 84 2 48 5
1 85 2 48 99
2 83 2 48 8
3 66 2 48 103
4 102 2 48 0
5 1272 2 48 0
0 85 2 49 5
1 86 2 49 99
2 84 2 49 8
3 67 2 49 103
4 103 2 49 0
5 1273 2 49 0
0 86 2 50 5
1 87 2 50 99
2 85 2 50 8
3 68 2 50 103
4 104 2 50 0
5 1274 2 50 0
0 87 2 51 5
1 88 2 51 99
2 86 2 51 8
3 69 2 51 103
4 105 2 51 0
5 1275 2 51 0
0 88 2 52 5
1 89 2 52 99
2 87 2 52 8
3 70 2 52 103
4 106 2 52 0
5 1276 2 52 0
0 89 2 53 5
1 90 2 53 99
2 88 2 53 8
3 71 2 53 103
4 107 2 53 0
5 1277 2 53 0
0 90 2 54 5
1 91 2 54 99
2 89 2 54 8
3 72 2 54 103
4 108 2 54 0
5 1278 2 54 0
0 91 2 55 5
1 92 2 55 99
2 90 2 55 8
3 73 2 55 103
4 109 2 55 0
5 1279 2 55 0
0 92 2 56 5
1 93 2 56 99
2 91 2 56 8
3 74 2 56 103
4 110 2 56 0
5 1280 2 56 0
0 93 2 57 5
1 94 2 57 99
2 92 2 57 8
3 75 2 57 103
4 111 2 57 0
5 1281 2 57 0
0 94 2 58 5
1 95 2 58 99
2 93 2 58 8
3 76 2 58 103
4 112 2 58 0
5 1282 2 58 0
0 95 2 59 5
1 96 2 59 99
2 94 2 59 8
3 77 2 59 103
4 113 2 59 0
5 1283 2 59 0
0 96 2 60 5
1 97 2 60 99
2 95 2 60 8
3 78 2 60 103
4 114 2 60 0
5 1284 2 60 0
0 97 2 61 5
1 98 2 61 99
2 96 2 61 8
3 79 2 61 103
4 115 2 61 0
5 1285 2 61 0
0 98 2 62 5
1 99 2 62 99
2 97 2 62 8
3 80 2 62 103
4 116 2 62 0
5 1286 2 62 0
0 99 2 63 5
1 100 2 63 99
2 98 2 63 8
3 81 2 63 103
4 117 2 63 0
5 1287 2 63 0
0 100 2 64 5
1 101 2 64 99
2 99 2 64 8
3 82 2 64 103
4 118 2 64 0
5 1288 2 64 0
0 57 3 3 153
1 58 3 3 148
2 56 3 3 161
3 39 3 3 264
4 75 3 3 49
5 1245 3 3 264
0 58 3 4 5
1 59 3 4 148
2 57 3 4 8
3 40 3 4 264
4 76 3 4 49
5 1246 3 4 264
0 59 3 5 5
1 60 3 5 148
2 58 3 5 8
3 41 3 5 264
4 77 3 5 49
5 1247 3 5 264
0 60 3 6 5
1 61 3 6 148
2 59 3 6 8
3 42 3 6 264
4 78 3 6 49
5 1248 3 6 264
0 61 3 7 5
1 62 3 7 148
2 60 3 7 8
3 43 3 7 264
4 79 3 7 49
5 1249 3 7 264
0 62 3 8 5
1 63 3 8 148
2 61 3 8 8
3 44 3 8 264
4 80 3 8 49
5 1250 3 8 264
0 63 3 9 5
1 64 3 9 148
2 62 3 9 8
3 45 3 9 264
4 81 3 9 49
5 1251 3 9 264
0 64 3 10 5
1 65 3 10 148
2 63 3 10 8
3 46 3 10 264
4 82 3 10 49
5 1252 3 10 264
0 65 3 11 5
1 66 3 11 148
2 64 3 11 8
3 47 3 11 264
4 83 3 11 152
5 1253 3 11 264
0 66 3 12 5
1 67 3 12 148
2 65 3 12 8
3 48 3 12 264
4 84 3 12 152
5 1254 3 12 264
0 67 3 13 5
1 68 3 13 148
2 66 3 13 8
3 49 3 13 264
4 85 3 13 152
5 1255 3 13 264
0 68 3 14 5
1 69 3 14 148
2 67 3 14 8
3 50 3 14 264
4 86 3 14 152
5 1256 3 14 264
0 69 3 15 5
1 70 3 15 148
2 68 3 15 8
3 51 3 15 264
4 87 3 15 152
5 1257 3 15 264
0 70 3 16 5
1 71 3 16 148
2 69 3 16 8
3 52 3 16 264
4 88 3 16 152
5 1258 3 16 264
0 71 3 17 5
1 72 3 17 148
2 70 3 17 8
3 53 3 17 264
4 89 3 17 152
5 1259 3 17 264
0 72 3 18 5
1 73 3 18 148
2 71 3 18 8
3 54 3 18 264
4 90 3 18 152
5 1260 3 18 264
0 73 3 19 5
1 74 3 19 148
2 72 3 19 8
3 55 3 19 264
4 91 3 19 152
5 1261 3 19 264
0 74 3 20 5
1 75 3 20 99
2 73 3 20 8
3 56 3 20 103
4 92 3 20 152
5 1262 3 20 264
0 75 3 21 5
1 76 3 21 99
2 74 3 21 8
3 57 3 21 103
4 93 3 21 152
5 1263 3 21 264
0 76 3 22 5
1 77 3 22 99
2 75 3 22 8
3 58 3 22 103
4 94 3 22 152
5 1264 3 22 264
0 77 3 23 5
1 78 3 23 99
2 76 3 23 8
3 59 3 23 103
4 95 3 23 152
5 1265 3 23 264
0 78 3 24 5
1 79 3 24 99
2 77 3 24 8
3 60 3 24 103
4 96 3 24 152
5 1266 3 24 264
0 79 3 25 5
1 80 3 25 99
2 78 3 25 8
3 61 3 25 103
4 97 3 25 152
5 1267 3 25 264
0 80 3 26 5
1 81 3 26 99
2 79 3 26 8
3 62 3 26 103
4 98 3 26 152
5 1268 3 26 264
0 81 3 27 5
1 82 3 27 99
2 80 3 27 8
3 63 3 27 103
4 99 3 27 152
5 1269 3 27 264
0 82 3 28 5
1 83 3 28 99
2 81 3 28 8
3 64 3 28 103
4 100 3 28 160
5 1270 3 28 264
0 83 3 29 5
1 84 3 29 99
2 82 3 29 8
3 65 3 29 103
4 101 3 29 165
5 1271 3 29 264
0 84 3 30 5
1 85 3 30 99
2 83 3 30 8
3 66 3 30 103
4 102 3 30 264
5 1272 3 30 264
0 85 3 31 5
1 86 3 31 99
2 84 3 31 8
3 67 3 31 103
4 103 3 31 264
5 1273 3 31 264
0 86 3 32 5
1 87 3 32 99
2 85 3 32 8
3 68 3 32 103
4 104 3 32 264
5 1274 3 32 264
0 87 3 33 5
1 88 3 33 99
2 86 3 33 8
3 69 3 33 103
4 105 3 33 264
5 1275 3 33 264
0 88 3 34 5
1 89 3 34 99
2 87 3 34 8
3 70 3 34 103
4 106 3 34 264
5 1276 3 34 264
0 89 3 35 5
1 90 3 35 99
2 88 3 35 8
3 71 3 35 103
4 107 3 35 264
5 1277 3 35 264
0 90 3 36 5
1 91 3 36 99
2 89 3 36 8
3 72 3 36 103
4 108 3 36 264
5 1278 3 36 264
0 91 3 37 5
1 92 3 37 99
2 90 3 37 8
3 73 3 37 103
4 109 3 37 264
5 1279 3 37 264
0 92 3 38 5
1 93 3 38 99
2 91 3 38 8
3 74 3 38 103
4 110 3 38 264
5 1280 3 38 264
0 93 3 39 5
1 94 3 39 99
2 92 3 39 8
3 75 3 39 103
4 111 3 39 264
5 1281 3 39 264
0 94 3 40 5
1 95 3 40 99
2 93 3 40 8
3 76 3 40 103
4 112 3 40 264
5 1282 3 40 264
0 95 3 41 5
1 96 3 41 99
2 94 3 41 8
3 77 3 41 103
4 113 3 41 264
5 1283 3 41 264
0 96 3 42 5
1 97 3 42 99
2 95 3 42 8
3 78 3 42 103
4 114 3 42 264
5 1284 3 42 264
0 97 3 43 5
1 98 3 43 99
2 96 3 43 8
3 79 3 43 103
4 115 3 43 264
5 1285 3 43 264
0 98 3 44 5
1 99 3 44 99
2 97 3 44 8
3 80 3 44 103
4 116 3 44 264
5 1286 3 44 264
0 99 3 45 5
1 100 3 45 99
2 98 3 45 8
3 81 3 45 103
4 117 3 45 264
5 1287 3 45 264
0 100 3 46 5
1 101 3 46 99
2 99 3 46 8
3 82 3 46 103
4 118 3 46 264
5 1288 3 46 264
0 101 3 47 5
1 102 3 47 99
2 100 3 47 8
3 83 3 47 103
4 119 3 47 0
5 1289 3 47 0
0 102 3 48 5
1 103 3 48 99
2 101 3 48 8
3 84 3 48 103
4 120 3 48 0
5 1290 3 48 0
0 103 3 49 5
1 104 3 49 99
2 102 3 49 8
3 85 3 49 103
4 121 3 49 0
5 1291 3 49 0
0 104 3 50 5
1 105 3 50 99
2 103 3 50 8
3 86 3 50 103
4 122 3 50 0
5 1292 3 50 0
0 105 3 51 5
1 106 3 51 99
2 104 3 51 8
3 87 3 51 103
4 123 3 51 0
5 1293 3 51 0
0 106 3 52 5
1 107 3 52 99
2 105 3 52 8
3 88 3 52 103
4 124 3 52 0
5 1294 3 52 0
0 107 3 53 5
1 108 3 53 99
2 106 3 53 8
3 89 3 53 103
4 125 3 53 0
5 1295 3 53 0
0 108 3 54 5
1 109 3 54 99
2 107 3 54 8
3 90 3 54 103
4 126 3 54 0
5 1296 3 54 0
0 109 3 55 5
1 110 3 55 99
2 108 3 55 8
3 91 3 55 103
4 127 3 55 0
5 1297 3 55 0
0 110 3 56 5
1 111 3 56 99
2 109 3 56 8
3 92 3 56 103
4 128 3 56 0
5 1298 3 56 0
0 111 3 57 5
1 112 3 57 99
2 110 3 57 8
3 93 3 57 103
4 129 3 57 0
5 1299 3 57 0
0 112 3 58 5
1 113 3 58 99
2 111 3 58 8
3 94 3 58 103
4 130 3 58 0
5 1300 3 58 0
0 113 3 59 5
1 114 3 59 99
2 112 3 59 8
3 95 3 59 103
4 131 3 59 0
5 1301 3 59 0
0 114 3 60 5
1 115 3 60 99
2 113 3 60 8
3 96 3 60 103
4 132 3 60 0
5 1302 3 60 0
0 115 3 61 5
1 116 3 61 99
2 114 3 61 8
3 97 3 61 103
4 133 3 61 0
5 1303 3 61 0
0 116 3 62 5
1 117 3 62 99
2 115 3 62 8
3 98 3 62 103
4 134 3 62 0
5 1304 3 62 0
0 117 3 63 5
1 118 3 63 99
2 116 3 63 8
3 99 3 63 103
4 135 3 63 0
5 1305 3 63 0
0 118 3 64 5
1 119 3 64 99
2 117 3 64 8
3 100 3 64 103
4 136 3 64 0
5 1306 3 64 0
0 76 4 4 147
1 77 4 4 142
2 75 4 4 155
3 58 4 4 258
4 94 4 4 43
5 1264 4 4 258
0 77 4 5 5
1 78 4 5 142
2 76 4 5 8
3 59 4 5 258
4 95 4 5 43
5 1265 4 5 258
0 78 4 6 5
1 79 4 6 142
2 77 4 6 8
3 60 4 6 258
4 96 4 6 43
5 1266 4 6 258
0 79 4 7 5
1 80 4 7 142
2 78 4 7 8
3 61 4 7 258
4 97 4 7 43
5 1267 4 7 258
0 80 4 8 5
1 81 4 8 142
2 79 4 8 8
3 62 4 8 258
4 98 4 8 43
5 1268 4 8 258
0 81 4 9 5
1 82 4 9 142
2 80 4 9 8
3 63 4 9 258
4 99 4 9 43
5 1269 4 9 258
0 82 4 10 5
1 83 4 10 142
2 81 4 10 8
3 64 4 10 258
4 100 4 10 43
5 1270 4 10 258
0 83 4 11 5
1 84 4 11 142
2 82 4 11 8
3 65 4 11 258
4 101 4 11 146
5 1271 4 11 258
0 84 4 12 5
1 85 4 12 142
2 83 4 12 8
3 66 4 12 258
4 102 4 12 146
5 1272 4 12 258
0 85 4 13 5
1 86 4 13 142
2 84 4 13 8
3 67 4 13 258
4 103 4 13 146
5 1273 4 13 258
0 86 4 14 5
1 87 4 14 142
2 85 4 14 8
3 68 4 14 258
4 104 4 14 146
5 1274 4 14 258
0 87 4 15 5
1 88 4 15 142
2 86 4 15 8
3 69 4 15 258
4 105 4 15 146
5 1275 4 15 258
0 88 4 16 5
1 89 4 16 142
2 87 4 16 8
3 70 4 16 258
4 106 4 16 146
5 1276 4 16 258
0 89 4 17 5
1 90 4 17 142
2 88 4 17 8
3 71 4 17 258
4 107 4 17 146
5 1277 4 17 258
0 90 4 18 5
1 91 4 18 142
2 89 4 18 8
3 72 4 18 258
4 108 4 18 146
5 1278 4 18 258
0 91 4 19 5
1 92 4 19 142
2 90 4 19 8
3 73 4 19 258
4 109 4 19 146
5 1279 4 19 258
0 92 4 20 5
1 93 4 20 142
2 91 4 20 8
3 74 4 20 258
4 110 4 20 146
5 1280 4 20 258
0 93 4 21 5
1 94 4 21 99
2 92 4 21 8
3 75 4 21 103
4 111 4 21 146
5 1281 4 21 258
0 94 4 22 5
1 95 4 22 99
2 93 4 22 8
3 76 4 22 103
4 112 4 22 146
5 1282 4 22 258
0 95 4 23 5
1 96 4 23 99
2 94 4 23 8
3 77 4 23 103
4 113 4 23 146
5 1283 4 23 258
0 96 4 24 5
1 97 4 24 99
2 95 4 24 8
3 78 4 24 103
4 114 4 24 146
5 1284 4 24 258
0 97 4 25 5
1 98 4 25 99
2 96 4 25 8
3 79 4 25 103
4 115 4 25 146
5 1285 4 25 258
0 98 4 26 5
1 99 4 26 99
2 97 4 26 8
3 80 4 26 103
4 116 4 26 146
5 1286 4 26 258
0 99 4 27 5
1 100 4 27 99
2 98 4 27 8
3 81 4 27 103
4 117 4 27 146
5 1287 4 27 258
0 100 4 28 5
1 101 4 28 99
2 99 4 28 8
3 82 4 28 103
4 118 4 28 154
5 1288 4 28 258
0 101 4 29 5
1 102 4 29 99
2 100 4 29 8
3 83 4 29 103
4 119 4 29 159
5 1289 4 29 258
0 102 4 30 5
1 103 4 30 99
2 101 4 30 8
3 84 4 30 103
4 120 4 30 258
5 1290 4 30 258
0 103 4 31 5
1 104 4 31 99
2 102 4 31 8
3 85 4 31 103
4 121 4 31 258
5 1291 4 31 258
0 104 4 32 5
1 105 4 32 99
2 103 4 32 8
3 86 4 32 103
4 122 4 32 258
5 1292 4 32 258
0 105 4 33 5
1 106 4 33 99
2 104 4 33 8
3 87 4 33 103
4 123 4 33 258
5 1293 4 33 258
0 106 4 34 5
1 107 4 34 99
2 105 4 34 8
3 88 4 34 103
4 124 4 34 258
5 1294 4 34 258
0 107 4 35 5
1 108 4 35 99
2 106 4 35 8
3 89 4 35 103
4 125 4 35 258
5 1295 4 35 258
0 108 4 36 5
1 109 4 36 99
2 107 4 36 8
3 90 4 36 103
4 126 4 36 258
5 1296 4 36 258
0 109 4 37 5
1 110 4 37 99
2 108 4 37 8
3 91 4 37 103
4 127 4 37 258
5 1297 4 37 258
0 110 4 38 5
1 111 4 38 99
2 109 4 38 8
3 92 4 38 103
4 128 4 38 258
5 1298 4 38 258
0 111 4 39 5
1 112 4 39 99
2 110 4 39 8
3 93 4 39 103
4 129 4 39 258
5 1299 4 39 258
0 112 4 40 5
1 113 4 40 99
2 111 4 40 8
3 94 4 40 103
4 130 4 40 258
5 1300 4 40 258
0 113 4 41 5
1 114 4 41 99
2 112 4 41 8
3 95 4 41 103
4 131 4 41 258
5 1301 4 41 258
0 114 4 42 5
1 115 4 42 99
2 113 4 42 8
3 96 4 42 103
4 132 4 42 258
5 1302 4 42 258
0 115 4 43 5
1 116 4 43 99
2 114 4 43 8
3 97 4 43 103
4 133 4 43 258
5 1303 4 43 258
0 116 4 44 5
1 117 4 44 99
2 115 4 44 8
3 98 4 44 103
4 134 4 44 258
5 1304 4 44 258
0 117 4 45 5
1 118 4 45 99
2 116 4 45 8
3 99 4 45 103
4 135 4 45 258
5 1305 4 45 258
0 118 4 46 5
1 119 4 46 99
2 117 4 46 8
3 100 4 46 103
4 136 4 46 258
5 1306 4 46 258
0 119 4 47 5
1 120 4 47 99
2 118 4 47 8
3 101 4 47 103
4 137 4 47 0
5 1307 4 47 0
0 120 4 48 5
1 121 4 48 99
2 119 4 48 8
3 102 4 48 103
4 138 4 48 0
5 1308 4 48 0
0 121 4 49 5
1 122 4 49 99
2 120 4 49 8
3 103 4 49 103
4 139 4 49 0
5 1309 4 49 0
0 122 4 50 5
1 123 4 50 99
2 121 4 50 8
3 104 4 50 103
4 140 4 50 0
5 1310 4 50 0
0 123 4 51 5
1 124 4 51 99
2 122 4 51 8
3 105 4 51 103
4 141 4 51 0
5 1311 4 51 0
0 124 4 52 5
1 125 4 52 99
2 123 4 52 8
3 106 4 52 103
4 142 4 52 0
5 1312 4 52 0
0 125 4 53 5
1 126 4 53 99
2 124 4 53 8
3 107 4 53 103
4 143 4 53 0
5 1313 4 53 0
0 126 4 54 5
1 127 4 54 99
2 125 4 54 8
3 108 4 54 103
4 144 4 54 0
5 1314 4 54 0
0 127 4 55 5
1 128 4 55 99
2 126 4 55 8
3 109 4 55 103
4 145 4 55 0
5 1315 4 55 0
0 128 4 56 5
1 129 4 56 99
2 127 4 56 8
3 110 4 56 103
4 146 4 56 0
5 1316 4 56 0
0 129 4 57 5
1 130 4 57 99
2 128 4 57 8
3 111 4 57 103
4 147 4 57 0
5 1317 4 57 0
0 130 4 58 5
1 131 4 58 99
2 129 4 58 8
3 112 4 58 103
4 148 4 58 0
5 1318 4 58 0
0 131 4 59 5
1 132 4 59 99
2 130 4 59 8
3 113 4 59 103
4 149 4 59 0
5 1319 4 59 0
0 132 4 60 5
1 133 4 60 99
2 131 4 60 8
3 114 4 60 103
4 150 4 60 0
5 1320 4 60 0
0 133 4 61 5
1 134 4 61 99
2 132 4 61 8
3 115 4 61 103
4 151 4 61 0
5 1321 4 61 0
0 134 4 62 5
1 135 4 62 99
2 133 4 62 8
3 116 4 62 103
4 152 4 62 0
5 1322 4 62 0
0 135 4 63 5
1 136 4 63 99
2 134 4 63 8
3 117 4 63 103
4 153 4 63 0
5 1323 4 63 0
0 136 4 64 5
1 137 4 64 99
2 135 4 64 8
3 118 4 64 103
4 154 4 64 0
5 1324 4 64 0
0 95 5 5 141
1 96 5 5 136
2 94 5 5 149
3 77 5 5 252
4 113 5 5 37
5 1283 5 5 252
0 96 5 6 5
1 97 5 6 136
2 95 5 6 8
3 78 5 6 252
4 114 5 6 37
5 1284 5 6 252
0 97 5 7 5
1 98 5 7 136
2 96 5 7 8
3 79 5 7 252
4 115 5 7 37
5 1285 5 7 252
0 98 5 8 5
1 99 5 8 136
2 97 5 8 8
3 80 5 8 252
4 116 5 8 37
5 1286 5 8 252
0 99 5 9 5
1 100 5 9 136
2 98 5 9 8
3 81 5 9 252
4 117 5 9 37
5 1287 5 9 252
0 100 5 10 5
1 101 5 10 136
2 99 5 10 8
3 82 5 10 252
4 118 5 10 37
5 1288 5 10 252
0 101 5 11 5
1 102 5 11 136
2 100 5 11 8
3 83 5 11 252
4 119 5 11 140
5 1289 5 11 252
0 102 5 12 5
1 103 5 12 136
2 101 5 12 8
3 84 5 12 252
4 120 5 12 140
5 1290 5 12 252
0 103 5 13 5
1 104 5 13 136
2 102 5 13 8
3 85 5 13 252
4 121 5 13 140
5 1291 5 13 252
0 104 5 14 5
1 105 5 14 136
2 103 5 14 8
3 86 5 14 252
4 122 5 14 140
5 1292 5 14 252
0 105 5 15 5
1 106 5 15 136
2 104 5 15 8
3 87 5 15 252
4 123 5 15 140
5 1293 5 15 252
0 106 5 16 5
1 107 5 16 136
2 105 5 16 8
3 88 5 16 252
4 124 5 16 140
5 1294 5 16 252
0 107 5 17 5
1 108 5 17 136
2 106 5 17 8
3 89 5 17 252
4 125 5 17 140
5 1295 5 17 252
0 108 5 18 5
1 109 5 18 136
2 107 5 18 8
3 90 5 18 252
4 126 5 18 140
5 1296 5 18 252
0 109 5 19 5
1 110 5 19 136
2 108 5 19 8
3 91 5 19 252
4 127 5 19 140
5 1297 5 19 252
0 110 5 20 5
1 111 5 20 136
2 109 5 20 8
3 92 5 20 252
4 128 5 20 140
5 1298 5 20 252
0 111 5 21 5
1 112 5 21 136
2 110 5 21 8
3 93 5 21 252
4 129 5 21 140
5 1299 5 21 252
0 112 5 22 5
1 113 5 22 99
2 111 5 22 8
3 94 5 22 103
4 130 5 22 140
5 1300 5 22 252
0 113 5 23 5
1 114 5 23 99
2 112 5 23 8
3 95 5 23 103
4 131 5 23 140
5 1301 5 23 252
0 114 5 24 5
1 115 5 24 99
2 113 5 24 8
3 96 5 24 103
4 132 5 24 140
5 1302 5 24 252
0 115 5 25 5
1 116 5 25 99
2 114 5 25 8
3 97 5 25 103
4 133 5 25 140
5 1303 5 25 252
0 116 5 26 5
1 117 5 26 99
2 115 5 26 8
3 98 5 26 103
4 134 5 26 140
5 1304 5 26 252
0 117 5 27 5
1 118 5 27 99
2 116 5 27 8
3 99 5 27 103
4 135 5 27 140
5 1305 5 27 252
0 118 5 28 5
1 119 5 28 99
2 117 5 28 8
3 100 5 28 103
4 136 5 28 148
5 1306 5 28 252
0 119 5 29 5
1 120 5 29 99
2 118 5 29 8
3 101 5 29 103
4 137 5 29 153
5 1307 5 29 252
0 120 5 30 5
1 121 5 30 99
2 119 5 30 8
3 102 5 30 103
4 138 5 30 252
5 1308 5 30 252
0 121 5 31 5
1 122 5 31 99
2 120 5 31 8
3 103 5 31 103
4 139 5 31 252
5 1309 5 31 252
0 122 5 32 5
1 123 5 32 99
2 121 5 32 8
3 104 5 32 103
4 140 5 32 252
5 1310 5 32 252
0 123 5 33 5
1 124 5 33 99
2 122 5 33 8
3 105 5 33 103
4 141 5 33 252
5 1311 5 33 252
0 124 5 34 5
1 125 5 34 99
2 123 5 34 8
3 106 5 34 103
4 142 5 34 252
5 1312 5 34 252
0 125 5 35 5
1 126 5 35 99
2 124 5 35 8
3 107 5 35 103
4 143 5 35 252
5 1313 5 35 252
0 126 5 36 5
1 127 5 36 99
2 125 5 36 8
3 108 5 36 103
4 144 5 36 252
5 1314 5 36 252
0 127 5 37 5
1 128 5 37 99
2 126 5 37 8
3 109 5 37 103
4 145 5 37 252
5 1315 5 37 252
0 128 5 38 5
1 129 5 38 99
2 127 5 38 8
3 110 5 38 103
4 146 5 38 252
5 1316 5 38 252
0 129 5 39 5
1 130 5 39 99
2 128 5 39 8
3 111 5 39 103
4 147 5 39 252
5 1317 5 39 252
0 130 5 40 5
1 131 5 40 99
2 129 5 40 8
3 112 5 40 103
4 148 5 40 252
5 1318 5 40 252
0 131 5 41 5
1 132 5 41 99
2 130 5 41 8
3 113 5 41 103
4 149 5 41 252
5 1319 5 41 252
0 132 5 42 5
1 133 5 42 99
2 131 5 42 8
3 114 5 42 103
4 150 5 42 252
5 1320 5 42 252
0 133 5 43 5
1 134 5 43 99
2 132 5 43 8
3 115 5 43 103
4 151 5 43 252
5 1321 5 43 252
0 134 5 44 5
1 135 5 44 99
2 133 5 44 8
3 116 5 44 103
4 152 5 44 252
5 1322 5 44 252
0 135 5 45 5
1 136 5 45 99
2 134 5 45 8
3 117 5 45 103
4 153 5 45 252
5 1323 5 45 252
0 136 5 46 5
1 137 5 46 99
2 135 5 46 8
3 118 5 46 103
4 154 5 46 252
5 1324 5 46 252
0 137 5 47 5
1 138 5 47 99
2 136 5 47 8
3 119 5 47 103
4 155 5 47 0
5 1325 5 47 0
0 138 5 48 5
1 139 5 48 99
2 137 5 48 8
3 120 5 48 103
4 156 5 48 0
5 1326 5 48 0
0 139 5 49 5
1 140 5 49 99
2 138 5 49 8
3 121 5 49 103
4 157 5 49 0
5 1327 5 49 0
0 140 5 50 5
1 141 5 50 99
2 139 5 50 8
3 122 5 50 103
4 158 5 50 0
5 1328 5 50 0
0 141 5 51 5
1 142 5 51 99
2 140 5 51 8
3 123 5 51 103
4 159 5 51 0
5 1329 5 51 0
0 142 5 52 5
1 143 5 52 99
2 141 5 52 8
3 124 5 52 103
4 160 5 52 0
5 1330 5 52 0
0 143 5 53 5
1 144 5 53 99
2 142 5 53 8
3 125 5 53 103
4 161 5 53 0
5 1331 5 53 0
0 144 5 54 5
1 145 5 54 99
2 143 5 54 8
3 126 5 54 103
4 162 5 54 0
5 1332 5 54 0
0 145 5 55 5
1 146 5 55 99
2 144 5 55 8
3 127 5 55 103
4 163 5 55 0
5 1333 5 55 0
0 146 5 56 5
1 147 5 56 99
2 145 5 56 8
3 128 5 56 103
4 164 5 56 0
5 1334 5 56 0
0 147 5 57 5
1 148 5 57 99
2 146 5 57 8
3 129 5 57 103
4 165 5 57 0
5 1335 5 57 0
0 148 5 58 5
1 149 5 58 99
2 147 5 58 8
3 130 5 58 103
4 166 5 58 0
5 1336 5 58 0
0 149 5 59 5
1 150 5 59 99
2 148 5 59 8
3 131 5 59 103
4 167 5 59 0
5 1337 5 59 0
0 150 5 60 5
1 151 5 60 99
2 149 5 60 8
3 132 5 60 103
4 168 5 60 0
5 1338 5 60 0
0 151 5 61 5
1 152 5 61 99
2 150 5 61 8
3 133 5 61 103
4 169 5 61 0
5 1339 5 61 0
0 152 5 62 5
1 153 5 62 99
2 151 5 62 8
3 134 5 62 103
4 170 5 62 0
5 1340 5 62 0
0 153 5 63 5
1 154 5 63 99
2 152 5 63 8
3 135 5 63 103
4 171 5 63 0
5 1341 5 63 0
0 154 5 64 5
1 155 5 64 99
2 153 5 64 8
3 136 5 64 103
4 172 5 64 0
5 1342 5 64 0
0 114 6 6 135
1 115 6 6 130
2 113 6 6 143
3 96 6 6 246
4 132 6 6 31
5 1302 6 6 246
0 115 6 7 5
1 116 6 7 130
2 114 6 7 8
3 97 6 7 246
4 133 6 7 31
5 1303 6 7 246
0 116 6 8 5
1 117 6 8 130
2 115 6 8 8
3 98 6 8 246
4 134 6 8 31
5 1304 6 8 246
0 117 6 9 5
1 118 6 9 130
2 116 6 9 8
3 99 6 9 246
4 135 6 9 31
5 1305 6 9 246
0 118 6 10 5
1 119 6 10 130
2 117 6 10 8
3 100 6 10 246
4 136 6 10 31
5 1306 6 10 246
0 119 6 11 5
1 120 6 11 130
2 118 6 11 8
3 101 6 11 246
4 137 6 11 134
5 1307 6 11 246
0 120 6 12 5
1 121 6 12 130
2 119 6 12 8
3 102 6 12 246
4 138 6 12 134
5 1308 6 12 246
0 121 6 13 5
1 122 6 13 130
2 120 6 13 8
3 103 6 13 246
4 139 6 13 134
5 1309 6 13 246
0 122 6 14 5
1 123 6 14 130
2 121 6 14 8
3 104 6 14 246
4 140 6 14 134
5 1310 6 14 246
0 123 6 15 5
1 124 6 15 130
2 122 6 15 8
3 105 6 15 246
4 141 6 15 134
5 1311 6 15 246
0 124 6 16 5
1 125 6 16 130
2 123 6 16 8
3 106 6 16 246
4 142 6 16 134
5 1312 6 16 246
0 125 6 17 5
1 126 6 17 130
2 124 6 17 8
3 107 6 17 246
4 143 6 17 134
5 1313 6 17 246
0 126 6 18 5
1 127 6 18 130
2 125 6 18 8
3 108 6 18 246
4 144 6 18 134
5 1314 6 18 246
0 127 6 19 5
1 128 6 19 130
2 126 6 19 8
3 109 6 19 246
4 145 6 19 134
5 1315 6 19 246
0 128 6 20 5
1 129 6 20 130
2 127 6 20 8
3 110 6 20 246
4 146 6 20 134
5 1316 6 20 246
0 129 6 21 5
1 130 6 21 130
2 128 6 21 8
3 111 6 21 246
4 147 6 21 134
5 1317 6 21 246
0 130 6 22 5
1 131 6 22 130
2 129 6 22 8
3 112 6 22 246
4 148 6 22 134
5 1318 6 22 246
0 131 6 23 5
1 132 6 23 99
2 130 6 23 8
3 113 6 23 103
4 149 6 23 134
5 1319 6 23 246
0 132 6 24 5
1 133 6 24 99
2 131 6 24 8
3 114 6 24 103
4 150 6 24 134
5 1320 6 24 246
0 133 6 25 5
1 134 6 25 99
2 132 6 25 8
3 115 6 25 103
4 151 6 25 134
5 1321 6 25 246
0 134 6 26 5
1 135 6 26 99
2 133 6 26 8
3 116 6 26 103
4 152 6 26 134
5 1322 6 26 246
0 135 6 27 5
1 136 6 27 99
2 134 6 27 8
3 117 6 27 103
4 153 6 27 134
5 1323 6 27 246
0 136 6 28 5
1 137 6 28 99
2 135 6 28 8
3 118 6 28 103
4 154 6 28 142
5 1324 6 28 246
0 137 6 29 5
1 138 6 29 99
2 136 6 29 8
3 119 6 29 103
4 155 6 29 147
5 1325 6 29 246
0 138 6 30 5
1 139 6 30 99
2 137 6 30 8
3 120 6 30 103
4 156 6 30 246
5 1326 6 30 246
0 139 6 31 5
1 140 6 31 99
2 138 6 31 8
3 121 6 31 103
4 157 6 31 246
5 1327 6 31 246
0 140 6 32 5
1 141 6 32 99
2 139 6 32 8
3 122 6 32 103
4 158 6 32 246
5 1328 6 32 246
0 141 6 33 5
1 142 6 33 99
2 140 6 33 8
3 123 6 33 103
4 159 6 33 246
5 1329 6 33 246
0 142 6 34 5
1 143 6 34 99
2 141 6 34 8
3 124 6 34 103
4 160 6 34 246
5 1330 6 34 246
0 143 6 35 5
1 144 6 35 99
2 142 6 35 8
3 125 6 35 103
4 161 6 35 246
5 1331 6 35 246
0 144 6 36 5
1 145 6 36 99
2 143 6 36 8
3 126 6 36 103
4 162 6 36 246
5 1332 6 36 246
0 145 6 37 5
1 146 6 37 99
2 144 6 37 8
3 127 6 37 103
4 163 6 37 246
5 1333 6 37 246
0 146 6 38 5
1 147 6 38 99
2 145 6 38 8
3 128 6 38 103
4 164 6 38 246
5 1334 6 38 246
0 147 6 39 5
1 148 6 39 99
2 146 6 39 8
3 129 6 39 103
4 165 6 39 246
5 1335 6 39 246
0 148 6 40 5
1 149 6 40 99
2 147 6 40 8
3 130 6 40 103
4 166 6 40 246
5 1336 6 40 246
0 149 6 41 5
1 150 6 41 99
2 148 6 41 8
3 131 6 41 103
4 167 6 41 246
5 1337 6 41 246
0 150 6 42 5
1 151 6 42 99
2 149 6 42 8
3 132 6 42 103
4 168 6 42 246
5 1338 6 42 246
0 151 6 43 5
1 152 6 43 99
2 150 6 43 8
3 133 6 43 103
4 169 6 43 246
5 1339 6 43 246
0 152 6 44 5
1 153 6 44 99
2 151 6 44 8
3 134 6 44 103
4 170 6 44 246
5 1340 6 44 246
0 153 6 45 5
1 154 6 45 99
2 152 6 45 8
3 135 6 45 103
4 171 6 45 246
5 1341 6 45 246
0 154 6 46 5
1 155 6 46 99
2 153 6 46 8
3 136 6 46 103
4 172 6 46 246
5 1342 6 46 246
0 155 6 47 5
1 156 6 47 99
2 154 6 47 8
3 137 6 47 103
4 173 6 47 0
5 1343 6 47 0
0 156 6 48 5
1 157 6 48 99
2 155 6 48 8
3 138 6 48 103
4 174 6 48 0
5 1344 6 48 0
0 157 6 49 5
1 158 6 49 99
2 156 6 49 8
3 139 6 49 103
4 175 6 49 0
5 1345 6 49 0
0 158 6 50 5
1 159 6 50 99
2 157 6 50 8
3 140 6 50 103
4 176 6 50 0
5 1346 6 50 0
0 159 6 51 5
1 160 6 51 99
2 158 6 51 8
3 141 6 51 103
4 177 6 51 0
5 1347 6 51 0
0 160 6 52 5
1 161 6 52 99
2 159 6 52 8
3 142 6 52 103
4 178 6 52 0
5 1348 6 52 0
0 161 6 53 5
1 162 6 53 99
2 160 6 53 8
3 143 6 53 103
4 179 6 53 0
5 1349 6 53 0
0 162 6 54 5
1 163 6 54 99
2 161 6 54 8
3 144 6 54 103
4 180 6 54 0
5 1350 6 54 0
0 163 6 55 5
1 164 6 55 99
2 162 6 55 8
3 145 6 55 103
4 181 6 55 0
5 1351 6 55 0
0 164 6 56 5
1 165 6 56 99
2 163 6 56 8
3 146 6 56 103
4 182 6 56 0
5 1352 6 56 0
0 165 6 57 5
1 166 6 57 99
2 164 6 57 8
3 147 6 57 103
4 183 6 57 0
5 1353 6 57 0
0 166 6 58 5
1 167 6 58 99
2 165 6 58 8
3 148 6 58 103
4 184 6 58 0
5 1354 6 58 0
0 167 6 59 5
1 168 6 59 99
2 166 6 59 8
3 149 6 59 103
4 185 6 59 0
5 1355 6 59 0
0 168 6 60 5
1 169 6 60 99
2 167 6 60 8
3 150 6 60 103
4 186 6 60 0
5 1356 6 60 0
0 169 6 61 5
1 170 6 61 99
2 168 6 61 8
3 151 6 61 103
4 187 6 61 0
5 1357 6 61 0
0 170 6 62 5
1 171 6 62 99
2 169 6 62 8
3 152 6 62 103
4 188 6 62 0
5 1358 6 62 0
0 171 6 63 5
1 172 6 63 99
2 170 6 63 8
3 153 6 63 103
4 189 6 63 0
5 1359 6 63 0
0 172 6 64 5
1 173 6 64 99
2 171 6 64 8
3 154 6 64 103
4 190 6 64 0
5 1360 6 64 0
0 133 7 7 129
1 134 7 7 124
2 132 7 7 137
3 115 7 7 240
4 151 7 7 25
5 1321 7 7 240
0 134 7 8 5
1 135 7 8 124
2 133 7 8 8
3 116 7 8 240
4 152 7 8 25
5 1322 7 8 240
0 135 7 9 5
1 136 7 9 124
2 134 7 9 8
3 117 7 9 240
4 153 7 9 25
5 1323 7 9 240
0 136 7 10 5
1 137 7 10 124
2 135 7 10 8
3 118 7 10 240
4 154 7 10 25
5 1324 7 10 240
0 137 7 11 5
1 138 7 11 124
2 136 7 11 8
3 119 7 11 240
4 155 7 11 128
5 1325 7 11 240
0 138 7 12 5
1 139 7 12 124
2 137 7 12 8
3 120 7 12 240
4 156 7 12 128
5 1326 7 12 240
0 139 7 13 5
1 140 7 13 124
2 138 7 13 8
3 121 7 13 240
4 157 7 13 128
5 1327 7 13 240
0 140 7 14 5
1 141 7 14 124
2 139 7 14 8
3 122 7 14 240
4 158 7 14 128
5 1328 7 14 240
0 141 7 15 5
1 142 7 15 124
2 140 7 15 8
3 123 7 15 240
4 159 7 15 128
5 1329 7 15 240
0 142 7 16 5
1 143 7 16 124
2 141 7 16 8
3 124 7 16 240
4 160 7 16 128
5 1330 7 16 240
0 143 7 17 5
1 144 7 17 124
2 142 7 17 8
3 125 7 17 240
4 161 7 17 128
5 1331 7 17 240
0 144 7 18 5
1 145 7 18 124
2 143 7 18 8
3 126 7 18 240
4 162 7 18 128
5 1332 7 18 240
0 145 7 19 5
1 146 7 19 124
2 144 7 19 8
3 127 7 19 240
4 163 7 19 128
5 1333 7 19 240
0 146 7 20 5
1 147 7 20 124
2 145 7 20 8
3 128 7 20 240
4 164 7 20 128
5 1334 7 20 240
0 147 7 21 5
1 148 7 21 124
2 146 7 21 8
3 129 7 21 240
4 165 7 21 128
5 1335 7 21 240
0 148 7 22 5
1 149 7 22 124
2 147 7 22 8
3 130 7 22 240
4 166 7 22 128
5 1336 7 22 240
0 149 7 23 5
1 150 7 23 124
2 148 7 23 8
3 131 7 23 240
4 167 7 23 128
5 1337 7 23 240
0 150 7 24 5
1 151 7 24 99
2 149 7 24 8
3 132 7 24 103
4 168 7 24 128
5 1338 7 24 240
0 151 7 25 5
1 152 7 25 99
2 150 7 25 8
3 133 7 25 103
4 169 7 25 128
5 1339 7 25 240
0 152 7 26 5
1 153 7 26 99
2 151 7 26 8
3 134 7 26 103
4 170 7 26 128
5 1340 7 26 240
0 153 7 27 5
1 154 7 27 99
2 152 7 27 8
3 135 7 27 103
4 171 7 27 128
5 1341 7 27 240
0 154 7 28 5
1 155 7 28 99
2 153 7 28 8
3 136 7 28 103
4 172 7 28 136
5 1342 7 28 240
0 155 7 29 5
1 156 7 29 99
2 154 7 29 8
3 137 7 29 103
4 173 7 29 141
5 1343 7 29 240
0 156 7 30 5
1 157 7 30 99
2 155 7 30 8
3 138 7 30 103
4 174 7 30 240
5 1344 7 30 240
0 157 7 31 5
1 158 7 31 99
2 156 7 31 8
3 139 7 31 103
4 175 7 31 240
5 1345 7 31 240
0 158 7 32 5
1 159 7 32 99
2 157 7 32 8
3 140 7 32 103
4 176 7 32 240
5 1346 7 32 240
0 159 7 33 5
1 160 7 33 99
2 158 7 33 8
3 141 7 33 103
4 177 7 33 240
5 1347 7 33 240
0 160 7 34 5
1 161 7 34 99
2 159 7 34 8
3 142 7 34 103
4 178 7 34 240
5 1348 7 34 240
0 161 7 35 5
1 162 7 35 99
2 160 7 35 8
3 143 7 35 103
4 179 7 35 240
5 1349 7 35 240
0 162 7 36 5
1 163 7 36 99
2 161 7 36 8
3 144 7 36 103
4 180 7 36 240
5 1350 7 36 240
0 163 7 37 5
1 164 7 37 99
2 162 7 37 8
3 145 7 37 103
4 181 7 37 240
5 1351 7 37 240
0 164 7 38 5
1 165 7 38 99
2 163 7 38 8
3 146 7 38 103
4 182 7 38 240
5 1352 7 38 240
0 165 7 39 5
1 166 7 39 99
2 164 7 39 8
3 147 7 39 103
4 183 7 39 240
5 1353 7 39 240
0 166 7 40 5
1 167 7 40 99
2 165 7 40 8
3 148 7 40 103
4 184 7 40 240
5 1354 7 40 240
0 167 7 41 5
1 168 7 41 99
2 166 7 41 8
3 149 7 41 103
4 185 7 41 240
5 1355 7 41 240
0 168 7 42 5
1 169 7 42 99
2 167 7 42 8
3 150 7 42 103
4 186 7 42 240
5 1356 7 42 240
0 169 7 43 5
1 170 7 43 99
2 168 7 43 8
3 151 7 43 103
4 187 7 43 240
5 1357 7 43 240
0 170 7 44 5
1 171 7 44 99
2 169 7 44 8
3 152 7 44 103
4 188 7 44 240
5 1358 7 44 240
0 171 7 45 5
1 172 7 45 99
2 170 7 45 8
3 153 7 45 103
4 189 7 45 240
5 1359 7 45 240
0 172 7 46 5
1 173 7 46 99
2 171 7 46 8
3 154 7 46 103
4 190 7 46 240
5 1360 7 46 240
0 173 7 47 5
1 174 7 47 99
2 172 7 47 8
3 155 7 47 103
4 191 7 47 0
5 1361 7 47 0
0 174 7 48 5
1 175 7 48 99
2 173 7 48 8
3 156 7 48 103
4 192 7 48 0
5 1362 7 48 0
0 175 7 49 5
1 176 7 49 99
2 174 7 49 8
3 157 7 49 103
4 193 7 49 0
5 1363 7 49 0
0 176 7 50 5
1 177 7 50 99
2 175 7 50 8
3 158 7 50 103
4 194 7 50 0
5 1364 7 50 0
0 177 7 51 5
1 178 7 51 99
2 176 7 51 8
3 159 7 51 103
4 195 7 51 0
5 1365 7 51 0
0 178 7 52 5
1 179 7 52 99
2 177 7 52 8
3 160 7 52 103
4 196 7 52 0
5 1366 7 52 0
0 179 7 53 5
1 180 7 53 99
2 178 7 53 8
3 161 7 53 103
4 197 7 53 0
5 1367 7 53 0
0 180 7 54 5
1 181 7 54 99
2 179 7 54 8
3 162 7 54 103
4 198 7 54 0
5 1368 7 54 0
0 181 7 55 5
1 182 7 55 99
2 180 7 55 8
3 163 7 55 103
4 199 7 55 0
5 1369 7 55 0
0 182 7 56 5
1 183 7 56 99
2 181 7 56 8
3 164 7 56 103
4 200 7 56 0
5 1370 7 56 0
0 183 7 57 5
1 184 7 57 99
2 182 7 57 8
3 165 7 57 103
4 201 7 57 0
5 1371 7 57 0
0 184 7 58 5
1 185 7 58 99
2 183 7 58 8
3 166 7 58 103
4 202 7 58 0
5 1372 7 58 0
0 185 7 59 5
1 186 7 59 99
2 184 7 59 8
3 167 7 59 103
4 203 7 59 0
5 1373 7 59 0
0 186 7 60 5
1 187 7 60 99
2 185 7 60 8
3 168 7 60 103
4 204 7 60 0
5 1374 7 60 0
0 187 7 61 5
1 188 7 61 99
2 186 7 61 8
3 169 7 61 103
4 205 7 61 0
5 1375 7 61 0
0 188 7 62 5
1 189 7 62 99
2 187 7 62 8
3 170 7 62 103
4 206 7 62 0
5 1376 7 62 0
0 189 7 63 5
1 190 7 63 99
2 188 7 63 8
3 171 7 63 103
4 207 7 63 0
5 1377 7 63 0
0 190 7 64 5
1 191 7 64 99
2 189 7 64 8
3 172 7 64 103
4 208 7 64 0
5 1378 7 64 0
0 152 8 8 123
1 153 8 8 118
2 151 8 8 131
3 134 8 8 234
4 170 8 8 19
5 1340 8 8 234
0 153 8 9 5
1 154 8 9 118
2 152 8 9 8
3 135 8 9 234
4 171 8 9 19
5 1341 8 9 234
0 154 8 10 5
1 155 8 10 118
2 153 8 10 8
3 136 8 10 234
4 172 8 10 19
5 1342 8 10 234
0 155 8 11 5
1 156 8 11 118
2 154 8 11 8
3 137 8 11 234
4 173 8 11 122
5 1343 8 11 234
0 156 8 12 5
1 157 8 12 118
2 155 8 12 8
3 138 8 12 234
4 174 8 12 122
5 1344 8 12 234
0 157 8 13 5
1 158 8 13 118
2 156 8 13 8
3 139 8 13 234
4 175 8 13 122
5 1345 8 13 234
0 158 8 14 5
1 159 8 14 118
2 157 8 14 8
3 140 8 14 234
4 176 8 14 122
5 1346 8 14 234
0 159 8 15 5
1 160 8 15 118
2 158 8 15 8
3 141 8 15 234
4 177 8 15 122
5 1347 8 15 234
0 160 8 16 5
1 161 8 16 118
2 159 8 16 8
3 142 8 16 234
4 178 8 16 122
5 1348 8 16 234
0 161 8 17 5
1 162 8 17 118
2 160 8 17 8
3 143 8 17 234
4 179 8 17 122
5 1349 8 17 234
0 162 8 18 5
1 163 8 18 118
2 161 8 18 8
3 144 8 18 234
4 180 8 18 122
5 1350 8 18 234
0 163 8 19 5
1 164 8 19 118
2 162 8 19 8
3 145 8 19 234
4 181 8 19 122
5 1351 8 19 234
0 164 8 20 5
1 165 8 20 118
2 163 8 20 8
3 146 8 20 234
4 182 8 20 122
5 1352 8 20 234
0 165 8 21 5
1 166 8 21 118
2 164 8 21 8
3 147 8 21 234
4 183 8 21 122
5 1353 8 21 234
0 166 8 22 5
1 167 8 22 118
2 165 8 22 8
3 148 8 22 234
4 184 8 22 122
5 1354 8 22 234
0 167 8 23 5
1 168 8 23 118
2 166 8 23 8
3 149 8 23 234
4 185 8 23 122
5 1355 8 23 234
0 168 8 24 5
1 169 8 24 118
2 167 8 24 8
3 150 8 24 234
4 186 8 24 122
5 1356 8 24 234
0 169 8 25 5
1 170 8 25 99
2 168 8 25 8
3 151 8 25 103
4 187 8 25 122
5 1357 8 25 234
0 170 8 26 5
1 171 8 26 99
2 169 8 26 8
3 152 8 26 103
4 188 8 26 122
5 1358 8 26 234
0 171 8 27 5
1 172 8 27 99
2 170 8 27 8
3 153 8 27 103
4 189 8 27 122
5 1359 8 27 234
0 172 8 28 5
1 173 8 28 99
2 171 8 28 8
3 154 8 28 103
4 190 8 28 130
5 1360 8 28 234
0 173 8 29 5
1 174 8 29 99
2 172 8 29 8
3 155 8 29 103
4 191 8 29 135
5 1361 8 29 234
0 174 8 30 5
1 175 8 30 99
2 173 8 30 8
3 156 8 30 103
4 192 8 30 234
5 1362 8 30 234
0 175 8 31 5
1 176 8 31 99
2 174 8 31 8
3 157 8 31 103
4 193 8 31 234
5 1363 8 31 234
0 176 8 32 5
1 177 8 32 99
2 175 8 32 8
3 158 8 32 103
4 194 8 32 234
5 1364 8 32 234
0 177 8 33 5
1 178 8 33 99
2 176 8 33 8
3 159 8 33 103
4 195 8 33 234
5 1365 8 33 234
0 178 8 34 5
1 179 8 34 99
2 177 8 34 8
3 160 8 34 103
4 196 8 34 234
5 1366 8 34 234
0 179 8 35 5
1 180 8 35 99
2 178 8 35 8
3 161 8 35 103
4 197 8 35 234
5 1367 8 35 234
0 180 8 36 5
1 181 8 36 99
2 179 8 36 8
3 162 8 36 103
4 198 8 36 234
5 1368 8 36 234
0 181 8 37 5
1 182 8 37 99
2 180 8 37 8
3 163 8 37 103
4 199 8 37 234
5 1369 8 37 234
0 182 8 38 5
1 183 8 38 99
2 181 8 38 8
3 164 8 38 103
4 200 8 38 234
5 1370 8 38 234
0 183 8 39 5
1 184 8 39 99
2 182 8 39 8
3 165 8 39 103
4 201 8 39 234
5 1371 8 39 234
0 184 8 40 5
1 185 8 40 99
2 183 8 40 8
3 166 8 40 103
4 202 8 40 234
5 1372 8 40 234
0 185 8 41 5
1 186 8 41 99
2 184 8 41 8
3 167 8 41 103
4 203 8 41 234
5 1373 8 41 234
0 186 8 42 5
1 187 8 42 99
2 185 8 42 8
3 168 8 42 103
4 204 8 42 234
5 1374 8 42 234
0 187 8 43 5
1 188 8 43 99
2 186 8 43 8
3 169 8 43 103
4 205 8 43 234
5 1375 8 43 234
0 188 8 44 5
1 189 8 44 99
2 187 8 44 8
3 170 8 44 103
4 206 8 44 234
5 1376 8 44 234
0 189 8 45 5
1 190 8 45 99
2 188 8 45 8
3 171 8 45 103
4 207 8 45 234
5 1377 8 45 234
0 190 8 46 5
1 191 8 46 99
2 189 8 46 8
3 172 8 46 103
4 208 8 46 234
5 1378 8 46 234
0 191 8 47 5
1 192 8 47 99
2 190 8 47 8
3 173 8 47 103
4 209 8 47 0
5 1379 8 47 0
0 192 8 48 5
1 193 8 48 99
2 191 8 48 8
3 174 8 48 103
4 210 8 48 0
5 1380 8 48 0
0 193 8 49 5
1 194 8 49 99
2 192 8 49 8
3 175 8 49 103
4 211 8 49 0
5 1381 8 49 0
0 194 8 50 5
1 195 8 50 99
2 193 8 50 8
3 176 8 50 103
4 212 8 50 0
5 1382 8 50 0
0 195 8 51 5
1 196 8 51 99
2 194 8 51 8
3 177 8 51 103
4 213 8 51 0
5 1383 8 51 0
0 196 8 52 5
1 197 8 52 99
2 195 8 52 8
3 178 8 52 103
4 214 8 52 0
5 1384 8 52 0
0 197 8 53 5
1 198 8 53 99
2 196 8 53 8
3 179 8 53 103
4 215 8 53 0
5 1385 8 53 0
0 198 8 54 5
1 199 8 54 99
2 197 8 54 8
3 180 8 54 103
4 216 8 54 0
5 1386 8 54 0
0 199 8 55 5
1 200 8 55 99
2 198 8 55 8
3 181 8 55 103
4 217 8 55 0
5 1387 8 55 0
0 200 8 56 5
1 201 8 56 99
2 199 8 56 8
3 182 8 56 103
4 218 8 56 0
5 1388 8 56 0
0 201 8 57 5
1 202 8 57 99
2 200 8 57 8
3 183 8 57 103
4 219 8 57 0
5 1389 8 57 0
0 202 8 58 5
1 203 8 58 99
2 201 8 58 8
3 184 8 58 103
4 220 8 58 0
5 1390 8 58 0
0 203 8 59 5
1 204 8 59 99
2 202 8 59 8
3 185 8 59 103
4 221 8 59 0
5 1391 8 59 0
0 204 8 60 5
1 205 8 60 99
2 203 8 60 8
3 186 8 60 103
4 222 8 60 0
5 1392 8 60 0
0 205 8 61 5
1 206 8 61 99
2 204 8 61 8
3 187 8 61 103
4 223 8 61 0
5 1393 8 61 0
0 206 8 62 5
1 207 8 62 99
2 205 8 62 8
3 188 8 62 103
4 224 8 62 0
5 1394 8 62 0
0 207 8 63 5
1 208 8 63 99
2 206 8 63 8
3 189 8 63 103
4 225 8 63 0
5 1395 8 63 0
0 208 8 64 5
1 209 8 64 99
2 207 8 64 8
3 190 8 64 103
4 226 8 64 0
5 1396 8 64 0
0 171 9 9 117
1 172 9 9 112
2 170 9 9 125
3 153 9 9 228
4 189 9 9 13
5 1359 9 9 228
0 172 9 10 5
1 173 9 10 112
2 171 9 10 8
3 154 9 10 228
4 190 9 10 13
5 1360 9 10 228
0 173 9 11 5
1 174 9 11 112
2 172 9 11 8
3 155 9 11 228
4 191 9 11 116
5 1361 9 11 228
0 174 9 12 5
1 175 9 12 112
2 173 9 12 8
3 156 9 12 228
4 192 9 12 116
5 1362 9 12 228
0 175 9 13 5
1 176 9 13 112
2 174 9 13 8
3 157 9 13 228
4 193 9 13 116
5 1363 9 13 228
0 176 9 14 5
1 177 9 14 112
2 175 9 14 8
3 158 9 14 228
4 194 9 14 116
5 1364 9 14 228
0 177 9 15 5
1 178 9 15 112
2 176 9 15 8
3 159 9 15 228
4 195 9 15 116
5 1365 9 15 228
0 178 9 16 5
1 179 9 16 112
2 177 9 16 8
3 160 9 16 228
4 196 9 16 116
5 1366 9 16 228
0 179 9 17 5
1 180 9 17 112
2 178 9 17 8
3 161 9 17 228
4 197 9 17 116
5 1367 9 17 228
0 180 9 18 5
1 181 9 18 112
2 179 9 18 8
3 162 9 18 228
4 198 9 18 116
5 1368 9 18 228
0 181 9 19 5
1 182 9 19 112
2 180 9 19 8
3 163 9 19 228
4 199 9 19 116
5 1369 9 19 228
0 182 9 20 5
1 183 9 20 112
2 181 9 20 8
3 164 9 20 228
4 200 9 20 116
5 1370 9 20 228
0 183 9 21 5
1 184 9 21 112
2 182 9 21 8
3 165 9 21 228
4 201 9 21 116
5 1371 9 21 228
0 184 9 22 5
1 185 9 22 112
2 183 9 22 8
3 166 9 22 228
4 202 9 22 116
5 1372 9 22 228
0 185 9 23 5
1 186 9 23 112
2 184 9 23 8
3 167 9 23 228
4 203 9 23 116
5 1373 9 23 228
0 186 9 24 5
1 187 9 24 112
2 185 9 24 8
3 168 9 24 228
4 204 9 24 116
5 1374 9 24 228
0 187 9 25 5
1 188 9 25 112
2 186 9 25 8
3 169 9 25 228
4 205 9 25 116
5 1375 9 25 228
0 188 9 26 5
1 189 9 26 99
2 187 9 26 8
3 170 9 26 103
4 206 9 26 116
5 1376 9 26 228
0 189 9 27 5
1 190 9 27 99
2 188 9 27 8
3 171 9 27 103
4 207 9 27 116
5 1377 9 27 228
0 190 9 28 5
1 191 9 28 99
2 189 9 28 8
3 172 9 28 103
4 208 9 28 124
5 1378 9 28 228
0 191 9 29 5
1 192 9 29 99
2 190 9 29 8
3 173 9 29 103
4 209 9 29 129
5 1379 9 29 228
0 192 9 30 5
1 193 9 30 99
2 191 9 30 8
3 174 9 30 103
4 210 9 30 228
5 1380 9 30 228
0 193 9 31 5
1 194 9 31 99
2 192 9 31 8
3 175 9 31 103
4 211 9 31 228
5 1381 9 31 228
0 194 9 32 5
1 195 9 32 99
2 193 9 32 8
3 176 9 32 103
4 212 9 32 228
5 1382 9 32 228
0 195 9 33 5
1 196 9 33 99
2 194 9 33 8
3 177 9 33 103
4 213 9 33 228
5 1383 9 33 228
0 196 9 34 5
1 197 9 34 99
2 195 9 34 8
3 178 9 34 103
4 214 9 34 228
5 1384 9 34 228
0 197 9 35 5
1 198 9 35 99
2 196 9 35 8
3 179 9 35 103
4 215 9 35 228
5 1385 9 35 228
0 198 9 36 5
1 199 9 36 99
2 197 9 36 8
3 180 9 36 103
4 216 9 36 228
5 1386 9 36 228
0 199 9 37 5
1 200 9 37 99
2 198 9 37 8
3 181 9 37 103
4 217 9 37 228
5 1387 9 37 228
0 200 9 38 5
1 201 9 38 99
2 199 9 38 8
3 182 9 38 103
4 218 9 38 228
5 1388 9 38 228
0 201 9 39 5
1 202 9 39 99
2 200 9 39 8
3 183 9 39 103
4 219 9 39 228
5 1389 9 39 228
0 202 9 40 5
1 203 9 40 99
2 201 9 40 8
3 184 9 40 103
4 220 9 40 228
5 1390 9 40 228
0 203 9 41 5
1 204 9 41 99
2 202 9 41 8
3 185 9 41 103
4 221 9 41 228
5 1391 9 41 228
0 204 9 42 5
1 205 9 42 99
2 203 9 42 8
3 186 9 42 103
4 222 9 42 228
5 1392 9 42 228
0 205 9 43 5
1 206 9 43 99
2 204 9 43 8
3 187 9 43 103
4 223 9 43 228
5 1393 9 43 228
0 206 9 44 5
1 207 9 44 99
2 205 9 44 8
3 188 9 44 103
4 224 9 44 228
5 1394 9 44 228
0 207 9 45 5
1 208 9 45 99
2 206 9 45 8
3 189 9 45 103
4 225 9 45 228
5 1395 9 45 228
0 208 9 46 5
1 209 9 46 99
2 207 9 46 8
3 190 9 46 103
4 226 9 46 228
5 1396 9 46 228
0 209 9 47 5
1 210 9 47 99
2 208 9 47 8
3 191 9 47 103
4 227 9 47 0
5 1397 9 47 0
0 210 9 48 5
1 211 9 48 99
2 209 9 48 8
3 192 9 48 103
4 228 9 48 0
5 1398 9 48 0
0 211 9 49 5
1 212 9 49 99
2 210 9 49 8
3 193 9 49 103
4 229 9 49 0
5 1399 9 49 0
0 212 9 50 5
1 213 9 50 99
2 211 9 50 8
3 194 9 50 103
4 230 9 50 0
5 1400 9 50 0
0 213 9 51 5
1 214 9 51 99
2 212 9 51 8
3 195 9 51 103
4 231 9 51 0
5 1401 9 51 0
0 214 9 52 5
1 215 9 52 99
2 213 9 52 8
3 196 9 52 103
4 232 9 52 0
5 1402 9 52 0
0 215 9 53 5
1 216 9 53 99
2 214 9 53 8
3 197 9 53 103
4 233 9 53 0
5 1403 9 53 0
0 216 9 54 5
1 217 9 54 99
2 215 9 54 8
3 198 9 54 103
4 234 9 54 0
5 1404 9 54 0
0 217 9 55 5
1 218 9 55 99
2 216 9 55 8
3 199 9 55 103
4 235 9 55 0
5 1405 9 55 0
0 218 9 56 5
1 219 9 56 99
2 217 9 56 8
3 200 9 56 103
4 236 9 56 0
5 1406 9 56 0
0 219 9 57 5
1 220 9 57 99
2 218 9 57 8
3 201 9 57 103
4 237 9 57 0
5 1407 9 57 0
0 220 9 58 5
1 221 9 58 99
2 219 9 58 8
3 202 9 58 103
4 238 9 58 0
5 1408 9 58 0
0 221 9 59 5
1 222 9 59 99
2 220 9 59 8
3 203 9 59 103
4 239 9 59 0
5 1409 9 59 0
0 222 9 60 5
1 223 9 60 99
2 221 9 60 8
3 204 9 60 103
4 240 9 60 0
5 1410 9 60 0
0 223 9 61 5
1 224 9 61 99
2 222 9 61 8
3 205 9 61 103
4 241 9 61 0
5 1411 9 61 0
0 224 9 62 5
1 225 9 62 99
2 223 9 62 8
3 206 9 62 103
4 242 9 62 0
5 1412 9 62 0
0 225 9 63 5
1 226 9 63 99
2 224 9 63 8
3 207 9 63 103
4 243 9 63 0
5 1413 9 63 0
0 226 9 64 5
1 227 9 64 99
2 225 9 64 8
3 208 9 64 103
4 244 9 64 0
5 1414 9 64 0
0 190 10 10 111
1 191 10 10 106
2 189 10 10 119
3 172 10 10 222
4 208 10 10 7
5 1378 10 10 222
0 191 10 11 5
1 192 10 11 106
2 190 10 11 8
3 173 10 11 222
4 209 10 11 110
5 1379 10 11 222
0 192 10 12 5
1 193 10 12 106
2 191 10 12 8
3 174 10 12 222
4 210 10 12 110
5 1380 10 12 222
0 193 10 13 5
1 194 10 13 106
2 192 10 13 8
3 175 10 13 222
4 211 10 13 110
5 1381 10 13 222
0 194 10 14 5
1 195 10 14 106
2 193 10 14 8
3 176 10 14 222
4 212 10 14 110
5 1382 10 14 222
0 195 10 15 5
1 196 10 15 106
2 194 10 15 8
3 177 10 15 222
4 213 10 15 110
5 1383 10 15 222
0 196 10 16 5
1 197 10 16 106
2 195 10 16 8
3 178 10 16 222
4 214 10 16 110
5 1384 10 16 222
0 197 10 17 5
1 198 10 17 106
2 196 10 17 8
3 179 10 17 222
4 215 10 17 110
5 1385 10 17 222
0 198 10 18 5
1 199 10 18 106
2 197 10 18 8
3 180 10 18 222
4 216 10 18 110
5 1386 10 18 222
0 199 10 19 5
1 200 10 19 106
2 198 10 19 8
3 181 10 19 222
4 217 10 19 110
5 1387 10 19 222
0 200 10 20 5
1 201 10 20 106
2 199 10 20 8
3 182 10 20 222
4 218 10 20 110
5 1388 10 20 222
0 201 10 21 5
1 202 10 21 106
2 200 10 21 8
3 183 10 21 222
4 219 10 21 110
5 1389 10 21 222
0 202 10 22 5
1 203 10 22 106
2 201 10 22 8
3 184 10 22 222
4 220 10 22 110
5 1390 10 22 222
0 203 10 23 5
1 204 10 23 106
2 202 10 23 8
3 185 10 23 222
4 221 10 23 110
5 1391 10 23 222
0 204 10 24 5
1 205 10 24 106
2 203 10 24 8
3 186 10 24 222
4 222 10 24 110
5 1392 10 24 222
0 205 10 25 5
1 206 10 25 106
2 204 10 25 8
3 187 10 25 222
4 223 10 25 110
5 1393 10 25 222
0 206 10 26 5
1 207 10 26 106
2 205 10 26 8
3 188 10 26 222
4 224 10 26 110
5 1394 10 26 222
0 207 10 27 5
1 208 10 27 99
2 206 10 27 8
3 189 10 27 103
4 225 10 27 110
5 1395 10 27 222
0 208 10 28 5
1 209 10 28 99
2 207 10 28 8
3 190 10 28 103
4 226 10 28 118
5 1396 10 28 222
0 209 10 29 5
1 210 10 29 99
2 208 10 29 8
3 191 10 29 103
4 227 10 29 123
5 1397 10 29 222
0 210 10 30 5
1 211 10 30 99
2 209 10 30 8
3 192 10 30 103
4 228 10 30 222
5 1398 10 30 222
0 211 10 31 5
1 212 10 31 99
2 210 10 31 8
3 193 10 31 103
4 229 10 31 222
5 1399 10 31 222
0 212 10 32 5
1 213 10 32 99
2 211 10 32 8
3 194 10 32 103
4 230 10 32 222
5 1400 10 32 222
0 213 10 33 5
1 214 10 33 99
2 212 10 33 8
3 195 10 33 103
4 231 10 33 222
5 1401 10 33 222
0 214 10 34 5
1 215 10 34 99
2 213 10 34 8
3 196 10 34 103
4 232 10 34 222
5 1402 10 34 222
0 215 10 35 5
1 216 10 35 99
2 214 10 35 8
3 197 10 35 103
4 233 10 35 222
5 1403 10 35 222
0 216 10 36 5
1 217 10 36 99
2 215 10 36 8
3 198 10 36 103
4 234 10 36 222
5 1404 10 36 222
0 217 10 37 5
1 218 10 37 99
2 216 10 37 8
3 199 10 37 103
4 235 10 37 222
5 1405 10 37 222
0 218 10 38 5
1 219 10 38 99
2 217 10 38 8
3 200 10 38 103
4 236 10 38 222
5 1406 10 38 222
0 219 10 39 5
1 220 10 39 99
2 218 10 39 8
3 201 10 39 103
4 237 10 39 222
5 1407 10 39 222
0 220 10 40 5
1 221 10 40 99
2 219 10 40 8
3 202 10 40 103
4 238 10 40 222
5 1408 10 40 222
0 221 10 41 5
1 222 10 41 99
2 220 10 41 8
3 203 10 41 103
4 239 10 41 222
5 1409 10 41 222
0 222 10 42 5
1 223 10 42 99
2 221 10 42 8
3 204 10 42 103
4 240 10 42 222
5 1410 10 42 222
0 223 10 43 5
1 224 10 43 99
2 222 10 43 8
3 205 10 43 103
4 241 10 43 222
5 1411 10 43 222
0 224 10 44 5
1 225 10 44 99
2 223 10 44 8
3 206 10 44 103
4 242 10 44 222
5 1412 10 44 222
0 225 10 45 5
1 226 10 45 99
2 224 10 45 8
3 207 10 45 103
4 243 10 45 222
5 1413 10 45 222
0 226 10 46 5
1 227 10 46 99
2 225 10 46 8
3 208 10 46 103
4 244 10 46 222
5 1414 10 46 222
0 227 10 47 5
1 228 10 47 99
2 226 10 47 8
3 209 10 47 103
4 245 10 47 0
5 1415 10 47 0
0 228 10 48 5
1 229 10 48 99
2 227 10 48 8
3 210 10 48 103
4 246 10 48 0
5 1416 10 48 0
0 229 10 49 5
1 230 10 49 99
2 228 10 49 8
3 211 10 49 103
4 247 10 49 0
5 1417 10 49 0
0 230 10 50 5
1 231 10 50 99
2 229 10 50 8
3 212 10 50 103
4 248 10 50 0
5 1418 10 50 0
0 231 10 51 5
1 232 10 51 99
2 230 10 51 8
3 213 10 51 103
4 249 10 51 0
5 1419 10 51 0
0 232 10 52 5
1 233 10 52 99
2 231 10 52 8
3 214 10 52 103
4 250 10 52 0
5 1420 10 52 0
0 233 10 53 5
1 234 10 53 99
2 232 10 53 8
3 215 10 53 103
4 251 10 53 0
5 1421 10 53 0
0 234 10 54 5
1 235 10 54 99
2 233 10 54 8
3 216 10 54 103
4 252 10 54 0
5 1422 10 54 0
0 235 10 55 5
1 236 10 55 99
2 234 10 55 8
3 217 10 55 103
4 253 10 55 0
5 1423 10 55 0
0 236 10 56 5
1 237 10 56 99
2 235 10 56 8
3 218 10 56 103
4 254 10 56 0
5 1424 10 56 0
0 237 10 57 5
1 238 10 57 99
2 236 10 57 8
3 219 10 57 103
4 255 10 57 0
5 1425 10 57 0
0 238 10 58 5
1 239 10 58 99
2 237 10 58 8
3 220 10 58 103
4 256 10 58 0
5 1426 10 58 0
0 239 10 59 5
1 240 10 59 99
2 238 10 59 8
3 221 10 59 103
4 257 10 59 0
5 1427 10 59 0
0 240 10 60 5
1 241 10 60 99
2 239 10 60 8
3 222 10 60 103
4 258 10 60 0
5 1428 10 60 0
0 241 10 61 5
1 242 10 61 99
2 240 10 61 8
3 223 10 61 103
4 259 10 61 0
5 1429 10 61 0
0 242 10 62 5
1 243 10 62 99
2 241 10 62 8
3 224 10 62 103
4 260 10 62 0
5 1430 10 62 0
0 243 10 63 5
1 244 10 63 99
2 242 10 63 8
3 225 10 63 103
4 261 10 63 0
5 1431 10 63 0
0 244 10 64 5
1 245 10 64 99
2 243 10 64 8
3 226 10 64 103
4 262 10 64 0
5 1432 10 64 0
0 209 11 11 105
1 210 11 11 100
2 208 11 11 113
3 191 11 11 216
4 227 11 11 104
5 1397 11 11 216
0 210 11 12 5
1 211 11 12 100
2 209 11 12 8
3 192 11 12 216
4 228 11 12 104
5 1398 11 12 216
0 211 11 13 5
1 212 11 13 100
2 210 11 13 8
3 193 11 13 216
4 229 11 13 104
5 1399 11 13 216
0 212 11 14 5
1 213 11 14 100
2 211 11 14 8
3 194 11 14 216
4 230 11 14 104
5 1400 11 14 216
0 213 11 15 5
1 214 11 15 100
2 212 11 15 8
3 195 11 15 216
4 231 11 15 104
5 1401 11 15 216
0 214 11 16 5
1 215 11 16 100
2 213 11 16 8
3 196 11 16 216
4 232 11 16 104
5 1402 11 16 216
0 215 11 17 5
1 216 11 17 100
2 214 11 17 8
3 197 11 17 216
4 233 11 17 104
5 1403 11 17 216
0 216 11 18 5
1 217 11 18 100
2 215 11 18 8
3 198 11 18 216
4 234 11 18 104
5 1404 11 18 216
0 217 11 19 5
1 218 11 19 100
2 216 11 19 8
3 199 11 19 216
4 235 11 19 104
5 1405 11 19 216
0 218 11 20 5
1 219 11 20 100
2 217 11 20 8
3 200 11 20 216
4 236 11 20 104
5 1406 11 20 216
0 219 11 21 5
1 220 11 21 100
2 218 11 21 8
3 201 11 21 216
4 237 11 21 104
5 1407 11 21 216
0 220 11 22 5
1 221 11 22 100
2 219 11 22 8
3 202 11 22 216
4 238 11 22 104
5 1408 11 22 216
0 221 11 23 5
1 222 11 23 100
2 220 11 23 8
3 203 11 23 216
4 239 11 23 104
5 1409 11 23 216
0 222 11 24 5
1 223 11 24 100
2 221 11 24 8
3 204 11 24 216
4 240 11 24 104
5 1410 11 24 216
0 223 11 25 5
1 224 11 25 100
2 222 11 25 8
3 205 11 25 216
4 241 11 25 104
5 1411 11 25 216
0 224 11 26 5
1 225 11 26 100
2 223 11 26 8
3 206 11 26 216
4 242 11 26 104
5 1412 11 26 216
0 225 11 27 5
1 226 11 27 100
2 224 11 27 8
3 207 11 27 216
4 243 11 27 104
5 1413 11 27 216
0 226 11 28 5
1 227 11 28 99
2 225 11 28 8
3 208 11 28 103
4 244 11 28 112
5 1414 11 28 216
0 227 11 29 5
1 228 11 29 99
2 226 11 29 8
3 209 11 29 103
4 245 11 29 117
5 1415 11 29 216
0 228 11 30 5
1 229 11 30 99
2 227 11 30 8
3 210 11 30 103
4 246 11 30 216
5 1416 11 30 216
0 229 11 31 5
1 230 11 31 99
2 228 11 31 8
3 211 11 31 103
4 247 11 31 216
5 1417 11 31 216
0 230 11 32 5
1 231 11 32 99
2 229 11 32 8
3 212 11 32 103
4 248 11 32 216
5 1418 11 32 216
0 231 11 33 5
1 232 11 33 99
2 230 11 33 8
3 213 11 33 103
4 249 11 33 216
5 1419 11 33 216
0 232 11 34 5
1 233 11 34 99
2 231 11 34 8
3 214 11 34 103
4 250 11 34 216
5 1420 11 34 216
0 233 11 35 5
1 234 11 35 99
2 232 11 35 8
3 215 11 35 103
4 251 11 35 216
5 1421 11 35 216
0 234 11 36 5
1 235 11 36 99
2 233 11 36 8
3 216 11 36 103
4 252 11 36 216
5 1422 11 36 216
0 235 11 37 5
1 236 11 37 99
2 234 11 37 8
3 217 11 37 103
4 253 11 37 216
5 1423 11 37 216
0 236 11 38 5
1 237 11 38 99
2 235 11 38 8
3 218 11 38 103
4 254 11 38 216
5 1424 11 38 216
0 237 11 39 5
1 238 11 39 99
2 236 11 39 8
3 219 11 39 103
4 255 11 39 216
5 1425 11 39 216
0 238 11 40 5
1 239 11 40 99
2 237 11 40 8
3 220 11 40 103
4 256 11 40 216
5 1426 11 40 216
0 239 11 41 5
1 240 11 41 99
2 238 11 41 8
3 221 11 41 103
4 257 11 41 216
5 1427 11 41 216
0 240 11 42 5
1 241 11 42 99
2 239 11 42 8
3 222 11 42 103
4 258 11 42 216
5 1428 11 42 216
0 241 11 43 5
1 242 11 43 99
2 240 11 43 8
3 223 11 43 103
4 259 11 43 216
5 1429 11 43 216
0 242 11 44 5
1 243 11 44 99
2 241 11 44 8
3 224 11 44 103
4 260 11 44 216
5 1430 11 44 216
0 243 11 45 5
1 244 11 45 99
2 242 11 45 8
3 225 11 45 103
4 261 11 45 216
5 1431 11 45 216
0 244 11 46 5
1 245 11 46 99
2 243 11 46 8
3 226 11 46 103
4 262 11 46 216
5 1432 11 46 216
0 245 11 47 5
1 246 11 47 99
2 244 11 47 8
3 227 11 47 103
4 263 11 47 0
5 1433 11 47 0
0 246 11 48 5
1 247 11 48 99
2 245 11 48 8
3 228 11 48 103
4 264 11 48 0
5 1434 11 48 0
0 247 11 49 5
1 248 11 49 99
2 246 11 49 8
3 229 11 49 103
4 265 11 49 0
5 1435 11 49 0
0 248 11 50 5
1 249 11 50 99
2 247 11 50 8
3 230 11 50 103
4 266 11 50 0
5 1436 11 50 0
0 249 11 51 5
1 250 11 51 99
2 248 11 51 8
3 231 11 51 103
4 267 11 51 0
5 1437 11 51 0
0 250 11 52 5
1 251 11 52 99
2 249 11 52 8
3 232 11 52 103
4 268 11 52 0
5 1438 11 52 0
0 251 11 53 5
1 252 11 53 99
2 250 11 53 8
3 233 11 53 103
4 269 11 53 0
5 1439 11 53 0
0 252 11 54 5
1 253 11 54 99
2 251 11 54 8
3 234 11 54 103
4 270 11 54 0
5 1440 11 54 0
0 253 11 55 5
1 254 11 55 99
2 252 11 55 8
3 235 11 55 103
4 271 11 55 0
5 1441 11 55 0
0 254 11 56 5
1 255 11 56 99
2 253 11 56 8
3 236 11 56 103
4 272 11 56 0
5 1442 11 56 0
0 255 11 57 5
1 256 11 57 99
2 254 11 57 8
3 237 11 57 103
4 273 11 57 0
5 1443 11 57 0
0 256 11 58 5
1 257 11 58 99
2 255 11 58 8
3 238 11 58 103
4 274 11 58 0
5 1444 11 58 0
0 257 11 59 5
1 258 11 59 99
2 256 11 59 8
3 239 11 59 103
4 275 11 59 0
5 1445 11 59 0
0 258 11 60 5
1 259 11 60 99
2 257 11 60 8
3 240 11 60 103
4 276 11 60 0
5 1446 11 60 0
0 259 11 61 5
1 260 11 61 99
2 258 11 61 8
3 241 11 61 103
4 277 11 61 0
5 1447 11 61 0
0 260 11 62 5
1 261 11 62 99
2 259 11 62 8
3 242 11 62 103
4 278 11 62 0
5 1448 11 62 0
0 261 11 63 5
1 262 11 63 99
2 260 11 63 8
3 243 11 63 103
4 279 11 63 0
5 1449 11 63 0
0 262 11 64 5
1 263 11 64 99
2 261 11 64 8
3 244 11 64 103
4 280 11 64 0
5 1450 11 64 0
0 228 12 12 99
1 229 12 12 94
2 227 12 12 107
3 210 12 12 210
4 246 12 12 98
5 1416 12 12 210
0 229 12 13 5
1 230 12 13 94
2 228 12 13 8
3 211 12 13 210
4 247 12 13 98
5 1417 12 13 210
0 230 12 14 5
1 231 12 14 94
2 229 12 14 8
3 212 12 14 210
4 248 12 14 98
5 1418 12 14 210
0 231 12 15 5
1 232 12 15 94
2 230 12 15 8
3 213 12 15 210
4 249 12 15 98
5 1419 12 15 210
0 232 12 16 5
1 233 12 16 94
2 231 12 16 8
3 214 12 16 210
4 250 12 16 98
5 1420 12 16 210
0 233 12 17 5
1 234 12 17 94
2 232 12 17 8
3 215 12 17 210
4 251 12 17 98
5 1421 12 17 210
0 234 12 18 5
1 235 12 18 94
2 233 12 18 8
3 216 12 18 210
4 252 12 18 98
5 1422 12 18 210
0 235 12 19 5
1 236 12 19 94
2 234 12 19 8
3 217 12 19 210
4 253 12 19 98
5 1423 12 19 210
0 236 12 20 5
1 237 12 20 94
2 235 12 20 8
3 218 12 20 210
4 254 12 20 98
5 1424 12 20 210
0 237 12 21 5
1 238 12 21 94
2 236 12 21 8
3 219 12 21 210
4 255 12 21 98
5 1425 12 21 210
0 238 12 22 5
1 239 12 22 94
2 237 12 22 8
3 220 12 22 210
4 256 12 22 98
5 1426 12 22 210
0 239 12 23 5
1 240 12 23 94
2 238 12 23 8
3 221 12 23 210
4 257 12 23 98
5 1427 12 23 210
0 240 12 24 5
1 241 12 24 94
2 239 12 24 8
3 222 12 24 210
4 258 12 24 98
5 1428 12 24 210
0 241 12 25 5
1 242 12 25 94
2 240 12 25 8
3 223 12 25 210
4 259 12 25 98
5 1429 12 25 210
0 242 12 26 5
1 243 12 26 94
2 241 12 26 8
3 224 12 26 210
4 260 12 26 98
5 1430 12 26 210
0 243 12 27 5
1 244 12 27 94
2 242 12 27 8
3 225 12 27 210
4 261 12 27 98
5 1431 12 27 210
0 244 12 28 5
1 245 12 28 197
2 243 12 28 8
3 226 12 28 210
4 262 12 28 106
5 1432 12 28 210
0 245 12 29 5
1 246 12 29 99
2 244 12 29 8
3 227 12 29 103
4 263 12 29 111
5 1433 12 29 210
0 246 12 30 5
1 247 12 30 99
2 245 12 30 8
3 228 12 30 103
4 264 12 30 210
5 1434 12 30 210
0 247 12 31 5
1 248 12 31 99
2 246 12 31 8
3 229 12 31 103
4 265 12 31 210
5 1435 12 31 210
0 248 12 32 5
1 249 12 32 99
2 247 12 32 8
3 230 12 32 103
4 266 12 32 210
5 1436 12 32 210
0 249 12 33 5
1 250 12 33 99
2 248 12 33 8
3 231 12 33 103
4 267 12 33 210
5 1437 12 33 210
0 250 12 34 5
1 251 12 34 99
2 249 12 34 8
3 232 12 34 103
4 268 12 34 210
5 1438 12 34 210
0 251 12 35 5
1 252 12 35 99
2 250 12 35 8
3 233 12 35 103
4 269 12 35 210
5 1439 12 35 210
0 252 12 36 5
1 253 12 36 99
2 251 12 36 8
3 234 12 36 103
4 270 12 36 210
5 1440 12 36 210
0 253 12 37 5
1 254 12 37 99
2 252 12 37 8
3 235 12 37 103
4 271 12 37 210
5 1441 12 37 210
0 254 12 38 5
1 255 12 38 99
2 253 12 38 8
3 236 12 38 103
4 272 12 38 210
5 1442 12 38 210
0 255 12 39 5
1 256 12 39 99
2 254 12 39 8
3 237 12 39 103
4 273 12 39 210
5 1443 12 39 210
0 256 12 40 5
1 257 12 40 99
2 255 12 40 8
3 238 12 40 103
4 274 12 40 210
5 1444 12 40 210
0 257 12 41 5
1 258 12 41 99
2 256 12 41 8
3 239 12 41 103
4 275 12 41 210
5 1445 12 41 210
0 258 12 42 5
1 259 12 42 99
2 257 12 42 8
3 240 12 42 103
4 276 12 42 210
5 1446 12 42 210
0 259 12 43 5
1 260 12 43 99
2 258 12 43 8
3 241 12 43 103
4 277 12 43 210
5 1447 12 43 210
0 260 12 44 5
1 261 12 44 99
2 259 12 44 8
3 242 12 44 103
4 278 12 44 210
5 1448 12 44 210
0 261 12 45 5
1 262 12 45 99
2 260 12 45 8
3 243 12 45 103
4 279 12 45 210
5 1449 12 45 210
0 262 12 46 5
1 263 12 46 99
2 261 12 46 8
3 244 12 46 103
4 280 12 46 210
5 1450 12 46 210
0 263 12 47 5
1 264 12 47 99
2 262 12 47 8
3 245 12 47 103
4 281 12 47 0
5 1451 12 47 0
0 264 12 48 5
1 265 12 48 99
2 263 12 48 8
3 246 12 48 103
4 282 12 48 0
5 1452 12 48 0
0 265 12 49 5
1 266 12 49 99
2 264 12 49 8
3 247 12 49 103
4 283 12 49 0
5 1453 12 49 0
0 266 12 50 5
1 267 12 50 99
2 265 12 50 8
3 248 12 50 103
4 284 12 50 0
5 1454 12 50 0
0 267 12 51 5
1 268 12 51 99
2 266 12 51 8
3 249 12 51 103
4 285 12 51 0
5 1455 12 51 0
0 268 12 52 5
1 269 12 52 99
2 267 12 52 8
3 250 12 52 103
4 286 12 52 0
5 1456 12 52 0
0 269 12 53 5
1 270 12 53 99
2 268 12 53 8
3 251 12 53 103
4 287 12 53 0
5 1457 12 53 0
0 270 12 54 5
1 271 12 54 99
2 269 12 54 8
3 252 12 54 103
4 288 12 54 0
5 1458 12 54 0
0 271 12 55 5
1 272 12 55 99
2 270 12 55 8
3 253 12 55 103
4 289 12 55 0
5 1459 12 55 0
0 272 12 56 5
1 273 12 56 99
2 271 12 56 8
3 254 12 56 103
4 290 12 56 0
5 1460 12 56 0
0 273 12 57 5
1 274 12 57 99
2 272 12 57 8
3 255 12 57 103
4 291 12 57 0
5 1461 12 57 0
0 274 12 58 5
1 275 12 58 99
2 273 12 58 8
3 256 12 58 103
4 292 12 58 0
5 1462 12 58 0
0 275 12 59 5
1 276 12 59 99
2 274 12 59 8
3 257 12 59 103
4 293 12 59 0
5 1463 12 59 0
0 276 12 60 5
1 277 12 60 99
2 275 12 60 8
3 258 12 60 103
4 294 12 60 0
5 1464 12 60 0
0 277 12 61 5
1 278 12 61 99
2 276 12 61 8
3 259 12 61 103
4 295 12 61 0
5 1465 12 61 0
0 278 12 62 5
1 279 12 62 99
2 277 12 62 8
3 260 12 62 103
4 296 12 62 0
5 1466 12 62 0
0 279 12 63 5
1 280 12 63 99
2 278 12 63 8
3 261 12 63 103
4 297 12 63 0
5 1467 12 63 0
0 280 12 64 5
1 281 12 64 99
2 279 12 64 8
3 262 12 64 103
4 298 12 64 0
5 1468 12 64 0
0 247 13 13 93
1 248 13 13 88
2 246 13 13 101
3 229 13 13 204
4 265 13 13 92
5 1435 13 13 204
0 248 13 14 5
1 249 13 14 88
2 247 13 14 8
3 230 13 14 204
4 266 13 14 92
5 1436 13 14 204
0 249 13 15 5
1 250 13 15 88
2 248 13 15 8
3 231 13 15 204
4 267 13 15 92
5 1437 13 15 204
0 250 13 16 5
1 251 13 16 88
2 249 13 16 8
3 232 13 16 204
4 268 13 16 92
5 1438 13 16 204
0 251 13 17 5
1 252 13 17 88
2 250 13 17 8
3 233 13 17 204
4 269 13 17 92
5 1439 13 17 204
0 252 13 18 5
1 253 13 18 88
2 251 13 18 8
3 234 13 18 204
4 270 13 18 92
5 1440 13 18 204
0 253 13 19 5
1 254 13 19 88
2 252 13 19 8
3 235 13 19 204
4 271 13 19 92
5 1441 13 19 204
0 254 13 20 5
1 255 13 20 88
2 253 13 20 8
3 236 13 20 204
4 272 13 20 92
5 1442 13 20 204
0 255 13 21 5
1 256 13 21 88
2 254 13 21 8
3 237 13 21 204
4 273 13 21 92
5 1443 13 21 204
0 256 13 22 5
1 257 13 22 88
2 255 13 22 8
3 238 13 22 204
4 274 13 22 92
5 1444 13 22 204
0 257 13 23 5
1 258 13 23 88
2 256 13 23 8
3 239 13 23 204
4 275 13 23 92
5 1445 13 23 204
0 258 13 24 5
1 259 13 24 88
2 257 13 24 8
3 240 13 24 204
4 276 13 24 92
5 1446 13 24 204
0 259 13 25 5
1 260 13 25 88
2 258 13 25 8
3 241 13 25 204
4 277 13 25 92
5 1447 13 25 204
0 260 13 26 5
1 261 13 26 88
2 259 13 26 8
3 242 13 26 204
4 278 13 26 92
5 1448 13 26 204
0 261 13 27 5
1 262 13 27 88
2 260 13 27 8
3 243 13 27 204
4 279 13 27 92
5 1449 13 27 204
0 262 13 28 5
1 263 13 28 191
2 261 13 28 8
3 244 13 28 204
4 280 13 28 100
5 1450 13 28 204
0 263 13 29 5
1 264 13 29 191
2 262 13 29 8
3 245 13 29 204
4 281 13 29 105
5 1451 13 29 204
0 264 13 30 5
1 265 13 30 99
2 263 13 30 8
3 246 13 30 103
4 282 13 30 204
5 1452 13 30 204
0 265 13 31 5
1 266 13 31 99
2 264 13 31 8
3 247 13 31 103
4 283 13 31 204
5 1453 13 31 204
0 266 13 32 5
1 267 13 32 99
2 265 13 32 8
3 248 13 32 103
4 284 13 32 204
5 1454 13 32 204
0 267 13 33 5
1 268 13 33 99
2 266 13 33 8
3 249 13 33 103
4 285 13 33 204
5 1455 13 33 204
0 268 13 34 5
1 269 13 34 99
2 267 13 34 8
3 250 13 34 103
4 286 13 34 204
5 1456 13 34 204
0 269 13 35 5
1 270 13 35 99
2 268 13 35 8
3 251 13 35 103
4 287 13 35 204
5 1457 13 35 204
0 270 13 36 5
1 271 13 36 99
2 269 13 36 8
3 252 13 36 103
4 288 13 36 204
5 1458 13 36 204
0 271 13 37 5
1 272 13 37 99
2 270 13 37 8
3 253 13 37 103
4 289 13 37 204
5 1459 13 37 204
0 272 13 38 5
1 273 13 38 99
2 271 13 38 8
3 254 13 38 103
4 290 13 38 204
5 1460 13 38 204
0 273 13 39 5
1 274 13 39 99
2 272 13 39 8
3 255 13 39 103
4 291 13 39 204
5 1461 13 39 204
0 274 13 40 5
1 275 13 40 99
2 273 13 40 8
3 256 13 40 103
4 292 13 40 204
5 1462 13 40 204
0 275 13 41 5
1 276 13 41 99
2 274 13 41 8
3 257 13 41 103
4 293 13 41 204
5 1463 13 41 204
0 276 13 42 5
1 277 13 42 99
2 275 13 42 8
3 258 13 42 103
4 294 13 42 204
5 1464 13 42 204
0 277 13 43 5
1 278 13 43 99
2 276 13 43 8
3 259 13 43 103
4 295 13 43 204
5 1465 13 43 204
0 278 13 44 5
1 279 13 44 99
2 277 13 44 8
3 260 13 44 103
4 296 13 44 204
5 1466 13 44 204
0 279 13 45 5
1 280 13 45 99
2 278 13 45 8
3 261 13 45 103
4 297 13 45 204
5 1467 13 45 204
0 280 13 46 5
1 281 13 46 99
2 279 13 46 8
3 262 13 46 103
4 298 13 46 204
5 1468 13 46 204
0 281 13 47 5
1 282 13 47 99
2 280 13 47 8
3 263 13 47 103
4 299 13 47 0
5 1469 13 47 0
0 282 13 48 5
1 283 13 48 99
2 281 13 48 8
3 264 13 48 103
4 300 13 48 0
5 1470 13 48 0
0 283 13 49 5
1 284 13 49 99
2 282 13 49 8
3 265 13 49 103
4 301 13 49 0
5 1471 13 49 0
0 284 13 50 5
1 285 13 50 99
2 283 13 50 8
3 266 13 50 103
4 302 13 50 0
5 1472 13 50 0
0 285 13 51 5
1 286 13 51 99
2 284 13 51 8
3 267 13 51 103
4 303 13 51 0
5 1473 13 51 0
0 286 13 52 5
1 287 13 52 99
2 285 13 52 8
3 268 13 52 103
4 304 13 52 0
5 1474 13 52 0
0 287 13 53 5
1 288 13 53 99
2 286 13 53 8
3 269 13 53 103
4 305 13 53 0
5 1475 13 53 0
0 288 13 54 5
1 289 13 54 99
2 287 13 54 8
3 270 13 54 103
4 306 13 54 0
5 1476 13 54 0
0 289 13 55 5
1 290 13 55 99
2 288 13 55 8
3 271 13 55 103
4 307 13 55 0
5 1477 13 55 0
0 290 13 56 5
1 291 13 56 99
2 289 13 56 8
3 272 13 56 103
4 308 13 56 0
5 1478 13 56 0
0 291 13 57 5
1 292 13 57 99
2 290 13 57 8
3 273 13 57 103
4 309 13 57 0
5 1479 13 57 0
0 292 13 58 5
1 293 13 58 99
2 291 13 58 8
3 274 13 58 103
4 310 13 58 0
5 1480 13 58 0
0 293 13 59 5
1 294 13 59 99
2 292 13 59 8
3 275 13 59 103
4 311 13 59 0
5 1481 13 59 0
0 294 13 60 5
1 295 13 60 99
2 293 13 60 8
3 276 13 60 103
4 312 13 60 0
5 1482 13 60 0
0 295 13 61 5
1 296 13 61 99
2 294 13 61 8
3 277 13 61 103
4 313 13 61 0
5 1483 13 61 0
0 296 13 62 5
1 297 13 62 99
2 295 13 62 8
3 278 13 62 103
4 314 13 62 0
5 1484 13 62 0
0 297 13 63 5
1 298 13 63 99
2 296 13 63 8
3 279 13 63 103
4 315 13 63 0
5 1485 13 63 0
0 298 13 64 5
1 299 13 64 99
2 297 13 64 8
3 280 13 64 103
4 316 13 64 0
5 1486 13 64 0
0 266 14 14 87
1 267 14 14 82
2 265 14 14 95
3 248 14 14 198
4 284 14 14 86
5 1454 14 14 198
0 267 14 15 5
1 268 14 15 82
2 266 14 15 8
3 249 14 15 198
4 285 14 15 86
5 1455 14 15 198
0 268 14 16 5
1 269 14 16 82
2 267 14 16 8
3 250 14 16 198
4 286 14 16 86
5 1456 14 16 198
0 269 14 17 5
1 270 14 17 82
2 268 14 17 8
3 251 14 17 198
4 287 14 17 86
5 1457 14 17 198
0 270 14 18 5
1 271 14 18 82
2 269 14 18 8
3 252 14 18 198
4 288 14 18 86
5 1458 14 18 198
0 271 14 19 5
1 272 14 19 82
2 270 14 19 8
3 253 14 19 198
4 289 14 19 86
5 1459 14 19 198
0 272 14 20 5
1 273 14 20 82
2 271 14 20 8
3 254 14 20 198
4 290 14 20 86
5 1460 14 20 198
0 273 14 21 5
1 274 14 21 82
2 272 14 21 8
3 255 14 21 198
4 291 14 21 86
5 1461 14 21 198
0 274 14 22 5
1 275 14 22 82
2 273 14 22 8
3 256 14 22 198
4 292 14 22 86
5 1462 14 22 198
0 275 14 23 5
1 276 14 23 82
2 274 14 23 8
3 257 14 23 198
4 293 14 23 86
5 1463 14 23 198
0 276 14 24 5
1 277 14 24 82
2 275 14 24 8
3 258 14 24 198
4 294 14 24 86
5 1464 14 24 198
0 277 14 25 5
1 278 14 25 82
2 276 14 25 8
3 259 14 25 198
4 295 14 25 86
5 1465 14 25 198
0 278 14 26 5
1 279 14 26 82
2 277 14 26 8
3 260 14 26 198
4 296 14 26 86
5 1466 14 26 198
0 279 14 27 5
1 280 14 27 82
2 278 14 27 8
3 261 14 27 198
4 297 14 27 86
5 1467 14 27 198
0 280 14 28 5
1 281 14 28 185
2 279 14 28 8
3 262 14 28 198
4 298 14 28 94
5 1468 14 28 198
0 281 14 29 5
1 282 14 29 185
2 280 14 29 8
3 263 14 29 198
4 299 14 29 99
5 1469 14 29 198
0 282 14 30 5
1 283 14 30 185
2 281 14 30 8
3 264 14 30 198
4 300 14 30 198
5 1470 14 30 198
0 283 14 31 5
1 284 14 31 99
2 282 14 31 8
3 265 14 31 103
4 301 14 31 198
5 1471 14 31 198
0 284 14 32 5
1 285 14 32 99
2 283 14 32 8
3 266 14 32 103
4 302 14 32 198
5 1472 14 32 198
0 285 14 33 5
1 286 14 33 99
2 284 14 33 8
3 267 14 33 103
4 303 14 33 198
5 1473 14 33 198
0 286 14 34 5
1 287 14 34 99
2 285 14 34 8
3 268 14 34 103
4 304 14 34 198
5 1474 14 34 198
0 287 14 35 5
1 288 14 35 99
2 286 14 35 8
3 269 14 35 103
4 305 14 35 198
5 1475 14 35 198
0 288 14 36 5
1 289 14 36 99
2 287 14 36 8
3 270 14 36 103
4 306 14 36 198
5 1476 14 36 198
0 289 14 37 5
1 290 14 37 99
2 288 14 37 8
3 271 14 37 103
4 307 14 37 198
5 1477 14 37 198
0 290 14 38 5
1 291 14 38 99
2 289 14 38 8
3 272 14 38 103
4 308 14 38 198
5 1478 14 38 198
0 291 14 39 5
1 292 14 39 99
2 290 14 39 8
3 273 14 39 103
4 309 14 39 198
5 1479 14 39 198
0 292 14 40 5
1 293 14 40 99
2 291 14 40 8
3 274 14 40 103
4 310 14 40 198
5 1480 14 40 198
0 293 14 41 5
1 294 14 41 99
2 292 14 41 8
3 275 14 41 103
4 311 14 41 198
5 1481 14 41 198
0 294 14 42 5
1 295 14 42 99
2 293 14 42 8
3 276 14 42 103
4 312 14 42 198
5 1482 14 42 198
0 295 14 43 5
1 296 14 43 99
2 294 14 43 8
3 277 14 43 103
4 313 14 43 198
5 1483 14 43 198
0 296 14 44 5
1 297 14 44 99
2 295 14 44 8
3 278 14 44 103
4 314 14 44 198
5 1484 14 44 198
0 297 14 45 5
1 298 14 45 99
2 296 14 45 8
3 279 14 45 103
4 315 14 45 198
5 1485 14 45 198
0 298 14 46 5
1 299 14 46 99
2 297 14 46 8
3 280 14 46 103
4 316 14 46 198
5 1486 14 46 198
0 299 14 47 5
1 300 14 47 99
2 298 14 47 8
3 281 14 47 103
4 317 14 47 0
5 1487 14 47 0
0 300 14 48 5
1 301 14 48 99
2 299 14 48 8
3 282 14 48 103
4 318 14 48 0
5 1488 14 48 0
0 301 14 49 5
1 302 14 49 99
2 300 14 49 8
3 283 14 49 103
4 319 14 49 0
5 1489 14 49 0
0 302 14 50 5
1 303 14 50 99
2 301 14 50 8
3 284 14 50 103
4 320 14 50 0
5 1490 14 50 0
0 303 14 51 5
1 304 14 51 99
2 302 14 51 8
3 285 14 51 103
4 321 14 51 0
5 1491 14 51 0
0 304 14 52 5
1 305 14 52 99
2 303 14 52 8
3 286 14 52 103
4 322 14 52 0
5 1492 14 52 0
0 305 14 53 5
1 306 14 53 99
2 304 14 53 8
3 287 14 53 103
4 323 14 53 0
5 1493 14 53 0
0 306 14 54 5
1 307 14 54 99
2 305 14 54 8
3 288 14 54 103
4 324 14 54 0
5 1494 14 54 0
0 307 14 55 5
1 308 14 55 99
2 306 14 55 8
3 289 14 55 103
4 325 14 55 0
5 1495 14 55 0
0 308 14 56 5
1 309 14 56 99
2 307 14 56 8
3 290 14 56 103
4 326 14 56 0
5 1496 14 56 0
0 309 14 57 5
1 310 14 57 99
2 308 14 57 8
3 291 14 57 103
4 327 14 57 0
5 1497 14 57 0
0 310 14 58 5
1 311 14 58 99
2 309 14 58 8
3 292 14 58 103
4 328 14 58 0
5 1498 14 58 0
0 311 14 59 5
1 312 14 59 99
2 310 14 59 8
3 293 14 59 103
4 329 14 59 0
5 1499 14 59 0
0 312 14 60 5
1 313 14 60 99
2 311 14 60 8
3 294 14 60 103
4 330 14 60 0
5 1500 14 60 0
0 313 14 61 5
1 314 14 61 99
2 312 14 61 8
3 295 14 61 103
4 331 14 61 0
5 1501 14 61 0
0 314 14 62 5
1 315 14 62 99
2 313 14 62 8
3 296 14 62 103
4 332 14 62 0
5 1502 14 62 0
0 315 14 63 5
1 316 14 63 99
2 314 14 63 8
3 297 14 63 103
4 333 14 63 0
5 1503 14 63 0
0 316 14 64 5
1 317 14 64 99
2 315 14 64 8
3 298 14 64 103
4 334 14 64 0
5 1504 14 64 0
0 285 15 15 81
1 286 15 15 76
2 284 15 15 89
3 267 15 15 192
4 303 15 15 80
5 1473 15 15 192
0 286 15 16 5
1 287 15 16 76
2 285 15 16 8
3 268 15 16 192
4 304 15 16 80
5 1474 15 16 192
0 287 15 17 5
1 288 15 17 76
2 286 15 17 8
3 269 15 17 192
4 305 15 17 80
5 1475 15 17 192
0 288 15 18 5
1 289 15 18 76
2 287 15 18 8
3 270 15 18 192
4 306 15 18 80
5 1476 15 18 192
0 289 15 19 5
1 290 15 19 76
2 288 15 19 8
3 271 15 19 192
4 307 15 19 80
5 1477 15 19 192
0 290 15 20 5
1 291 15 20 76
2 289 15 20 8
3 272 15 20 192
4 308 15 20 80
5 1478 15 20 192
0 291 15 21 5
1 292 15 21 76
2 290 15 21 8
3 273 15 21 192
4 309 15 21 80
5 1479 15 21 192
0 292 15 22 5
1 293 15 22 76
2 291 15 22 8
3 274 15 22 192
4 310 15 22 80
5 1480 15 22 192
0 293 15 23 5
1 294 15 23 76
2 292 15 23 8
3 275 15 23 192
4 311 15 23 80
5 1481 15 23 192
0 294 15 24 5
1 295 15 24 76
2 293 15 24 8
3 276 15 24 192
4 312 15 24 80
5 1482 15 24 192
0 295 15 25 5
1 296 15 25 76
2 294 15 25 8
3 277 15 25 192
4 313 15 25 80
5 1483 15 25 192
0 296 15 26 5
1 297 15 26 76
2 295 15 26 8
3 278 15 26 192
4 314 15 26 80
5 1484 15 26 192
0 297 15 27 5
1 298 15 27 76
2 296 15 27 8
3 279 15 27 192
4 315 15 27 80
5 1485 15 27 192
0 298 15 28 5
1 299 15 28 179
2 297 15 28 8
3 280 15 28 192
4 316 15 28 88
5 1486 15 28 192
0 299 15 29 5
1 300 15 29 179
2 298 15 29 8
3 281 15 29 192
4 317 15 29 93
5 1487 15 29 192
0 300 15 30 5
1 301 15 30 179
2 299 15 30 8
3 282 15 30 192
4 318 15 30 192
5 1488 15 30 192
0 301 15 31 5
1 302 15 31 179
2 300 15 31 8
3 283 15 31 192
4 319 15 31 192
5 1489 15 31 192
0 302 15 32 5
1 303 15 32 99
2 301 15 32 8
3 284 15 32 103
4 320 15 32 192
5 1490 15 32 192
0 303 15 33 5
1 304 15 33 99
2 302 15 33 8
3 285 15 33 103
4 321 15 33 192
5 1491 15 33 192
0 304 15 34 5
1 305 15 34 99
2 303 15 34 8
3 286 15 34 103
4 322 15 34 192
5 1492 15 34 192
0 305 15 35 5
1 306 15 35 99
2 304 15 35 8
3 287 15 35 103
4 323 15 35 192
5 1493 15 35 192
0 306 15 36 5
1 307 15 36 99
2 305 15 36 8
3 288 15 36 103
4 324 15 36 192
5 1494 15 36 192
0 307 15 37 5
1 308 15 37 99
2 306 15 37 8
3 289 15 37 103
4 325 15 37 192
5 1495 15 37 192
0 308 15 38 5
1 309 15 38 99
2 307 15 38 8
3 290 15 38 103
4 326 15 38 192
5 1496 15 38 192
0 309 15 39 5
1 310 15 39 99
2 308 15 39 8
3 291 15 39 103
4 327 15 39 192
5 1497 15 39 192
0 310 15 40 5
1 311 15 40 99
2 309 15 40 8
3 292 15 40 103
4 328 15 40 192
5 1498 15 40 192
0 311 15 41 5
1 312 15 41 99
2 310 15 41 8
3 293 15 41 103
4 329 15 41 192
5 1499 15 41 192
0 312 15 42 5
1 313 15 42 99
2 311 15 42 8
3 294 15 42 103
4 330 15 42 192
5 1500 15 42 192
0 313 15 43 5
1 314 15 43 99
2 312 15 43 8
3 295 15 43 103
4 331 15 43 192
5 1501 15 43 192
0 314 15 44 5
1 315 15 44 99
2 313 15 44 8
3 296 15 44 103
4 332 15 44 192
5 1502 15 44 192
0 315 15 45 5
1 316 15 45 99
2 314 15 45 8
3 297 15 45 103
4 333 15 45 192
5 1503 15 45 192
0 316 15 46 5
1 317 15 46 99
2 315 15 46 8
3 298 15 46 103
4 334 15 46 192
5 1504 15 46 192
0 317 15 47 5
1 318 15 47 99
2 316 15 47 8
3 299 15 47 103
4 335 15 47 0
5 1505 15 47 0
0 318 15 48 5
1 319 15 48 99
2 317 15 48 8
3 300 15 48 103
4 336 15 48 0
5 1506 15 48 0
0 319 15 49 5
1 320 15 49 99
2 318 15 49 8
3 301 15 49 103
4 337 15 49 0
5 1507 15 49 0
0 320 15 50 5
1 321 15 50 99
2 319 15 50 8
3 302 15 50 103
4 338 15 50 0
5 1508 15 50 0
0 321 15 51 5
1 322 15 51 99
2 320 15 51 8
3 303 15 51 103
4 339 15 51 0
5 1509 15 51 0
0 322 15 52 5
1 323 15 52 99
2 321 15 52 8
3 304 15 52 103
4 340 15 52 0
5 1510 15 52 0
0 323 15 53 5
1 324 15 53 99
2 322 15 53 8
3 305 15 53 103
4 341 15 53 0
5 1511 15 53 0
0 324 15 54 5
1 325 15 54 99
2 323 15 54 8
3 306 15 54 103
4 342 15 54 0
5 1512 15 54 0
0 325 15 55 5
1 326 15 55 99
2 324 15 55 8
3 307 15 55 103
4 343 15 55 0
5 1513 15 55 0
0 326 15 56 5
1 327 15 56 99
2 325 15 56 8
3 308 15 56 103
4 344 15 56 0
5 1514 15 56 0
0 327 15 57 5
1 328 15 57 99
2 326 15 57 8
3 309 15 57 103
4 345 15 57 0
5 1515 15 57 0
0 328 15 58 5
1 329 15 58 99
2 327 15 58 8
3 310 15 58 103
4 346 15 58 0
5 1516 15 58 0
0 329 15 59 5
1 330 15 59 99
2 328 15 59 8
3 311 15 59 103
4 347 15 59 0
5 1517 15 59 0
0 330 15 60 5
1 331 15 60 99
2 329 15 60 8
3 312 15 60 103
4 348 15 60 0
5 1518 15 60 0
0 331 15 61 5
1 332 15 61 99
2 330 15 61 8
3 313 15 61 103
4 349 15 61 0
5 1519 15 61 0
0 332 15 62 5
1 333 15 62 99
2 331 15 62 8
3 314 15 62 103
4 350 15 62 0
5 1520 15 62 0
0 333 15 63 5
1 334 15 63 99
2 332 15 63 8
3 315 15 63 103
4 351 15 63 0
5 1521 15 63 0
0 334 15 64 5
1 335 15 64 99
2 333 15 64 8
3 316 15 64 103
4 352 15 64 0
5 1522 15 64 0
0 304 16 16 75
1 305 16 16 70
2 303 16 16 83
3 286 16 16 186
4 322 16 16 74
5 1492 16 16 186
0 305 16 17 5
1 306 16 17 70
2 304 16 17 8
3 287 16 17 186
4 323 16 17 74
5 1493 16 17 186
0 306 16 18 5
1 307 16 18 70
2 305 16 18 8
3 288 16 18 186
4 324 16 18 74
5 1494 16 18 186
0 307 16 19 5
1 308 16 19 70
2 306 16 19 8
3 289 16 19 186
4 325 16 19 74
5 1495 16 19 186
0 308 16 20 5
1 309 16 20 70
2 307 16 20 8
3 290 16 20 186
4 326 16 20 74
5 1496 16 20 186
0 309 16 21 5
1 310 16 21 70
2 308 16 21 8
3 291 16 21 186
4 327 16 21 74
5 1497 16 21 186
0 310 16 22 5
1 311 16 22 70
2 309 16 22 8
3 292 16 22 186
4 328 16 22 74
5 1498 16 22 186
0 311 16 23 5
1 312 16 23 70
2 310 16 23 8
3 293 16 23 186
4 329 16 23 74
5 1499 16 23 186
0 312 16 24 5
1 313 16 24 70
2 311 16 24 8
3 294 16 24 186
4 330 16 24 74
5 1500 16 24 186
0 313 16 25 5
1 314 16 25 70
2 312 16 25 8
3 295 16 25 186
4 331 16 25 74
5 1501 16 25 186
0 314 16 26 5
1 315 16 26 70
2 313 16 26 8
3 296 16 26 186
4 332 16 26 74
5 1502 16 26 186
0 315 16 27 5
1 316 16 27 70
2 314 16 27 8
3 297 16 27 186
4 333 16 27 74
5 1503 16 27 186
0 316 16 28 5
1 317 16 28 173
2 315 16 28 8
3 298 16 28 186
4 334 16 28 82
5 1504 16 28 186
0 317 16 29 5
1 318 16 29 173
2 316 16 29 8
3 299 16 29 186
4 335 16 29 87
5 1505 16 29 186
0 318 16 30 5
1 319 16 30 173
2 317 16 30 8
3 300 16 30 186
4 336 16 30 186
5 1506 16 30 186
0 319 16 31 5
1 320 16 31 173
2 318 16 31 8
3 301 16 31 186
4 337 16 31 186
5 1507 16 31 186
0 320 16 32 5
1 321 16 32 173
2 319 16 32 8
3 302 16 32 186
4 338 16 32 186
5 1508 16 32 186
0 321 16 33 5
1 322 16 33 99
2 320 16 33 8
3 303 16 33 103
4 339 16 33 186
5 1509 16 33 186
0 322 16 34 5
1 323 16 34 99
2 321 16 34 8
3 304 16 34 103
4 340 16 34 186
5 1510 16 34 186
0 323 16 35 5
1 324 16 35 99
2 322 16 35 8
3 305 16 35 103
4 341 16 35 186
5 1511 16 35 186
0 324 16 36 5
1 325 16 36 99
2 323 16 36 8
3 306 16 36 103
4 342 16 36 186
5 1512 16 36 186
0 325 16 37 5
1 326 16 37 99
2 324 16 37 8
3 307 16 37 103
4 343 16 37 186
5 1513 16 37 186
0 326 16 38 5
1 327 16 38 99
2 325 16 38 8
3 308 16 38 103
4 344 16 38 186
5 1514 16 38 186
0 327 16 39 5
1 328 16 39 99
2 326 16 39 8
3 309 16 39 103
4 345 16 39 186
5 1515 16 39 186
0 328 16 40 5
1 329 16 40 99
2 327 16 40 8
3 310 16 40 103
4 346 16 40 186
5 1516 16 40 186
0 329 16 41 5
1 330 16 41 99
2 328 16 41 8
3 311 16 41 103
4 347 16 41 186
5 1517 16 41 186
0 330 16 42 5
1 331 16 42 99
2 329 16 42 8
3 312 16 42 103
4 348 16 42 186
5 1518 16 42 186
0 331 16 43 5
1 332 16 43 99
2 330 16 43 8
3 313 16 43 103
4 349 16 43 186
5 1519 16 43 186
0 332 16 44 5
1 333 16 44 99
2 331 16 44 8
3 314 16 44 103
4 350 16 44 186
5 1520 16 44 186
0 333 16 45 5
1 334 16 45 99
2 332 16 45 8
3 315 16 45 103
4 351 16 45 186
5 1521 16 45 186
0 334 16 46 5
1 335 16 46 99
2 333 16 46 8
3 316 16 46 103
4 352 16 46 186
5 1522 16 46 186
0 335 16 47 5
1 336 16 47 99
2 334 16 47 8
3 317 16 47 103
4 353 16 47 0
5 1523 16 47 0
0 336 16 48 5
1 337 16 48 99
2 335 16 48 8
3 318 16 48 103
4 354 16 48 0
5 1524 16 48 0
0 337 16 49 5
1 338 16 49 99
2 336 16 49 8
3 319 16 49 103
4 355 16 49 0
5 1525 16 49 0
0 338 16 50 5
1 339 16 50 99
2 337 16 50 8
3 320 16 50 103
4 356 16 50 0
5 1526 16 50 0
0 339 16 51 5
1 340 16 51 99
2 338 16 51 8
3 321 16 51 103
4 357 16 51 0
5 1527 16 51 0
0 340 16 52 5
1 341 16 52 99
2 339 16 52 8
3 322 16 52 103
4 358 16 52 0
5 1528 16 52 0
0 341 16 53 5
1 342 16 53 99
2 340 16 53 8
3 323 16 53 103
4 359 16 53 0
5 1529 16 53 0
0 342 16 54 5
1 343 16 54 99
2 341 16 54 8
3 324 16 54 103
4 360 16 54 0
5 1530 16 54 0
0 343 16 55 5
1 344 16 55 99
2 342 16 55 8
3 325 16 55 103
4 361 16 55 0
5 1531 16 55 0
0 344 16 56 5
1 345 16 56 99
2 343 16 56 8
3 326 16 56 103
4 362 16 56 0
5 1532 16 56 0
0 345 16 57 5
1 346 16 57 99
2 344 16 57 8
3 327 16 57 103
4 363 16 57 0
5 1533 16 57 0
0 346 16 58 5
1 347 16 58 99
2 345 16 58 8
3 328 16 58 103
4 364 16 58 0
5 1534 16 58 0
0 347 16 59 5
1 348 16 59 99
2 346 16 59 8
3 329 16 59 103
4 365 16 59 0
5 1535 16 59 0
0 348 16 60 5
1 349 16 60 99
2 347 16 60 8
3 330 16 60 103
4 366 16 60 0
5 1536 16 60 0
0 349 16 61 5
1 350 16 61 99
2 348 16 61 8
3 331 16 61 103
4 367 16 61 0
5 1537 16 61 0
0 350 16 62 5
1 351 16 62 99
2 349 16 62 8
3 332 16 62 103
4 368 16 62 0
5 1538 16 62 0
0 351 16 63 5
1 352 16 63 99
2 350 16 63 8
3 333 16 63 103
4 369 16 63 0
5 1539 16 63 0
0 352 16 64 5
1 353 16 64 99
2 351 16 64 8
3 334 16 64 103
4 370 16 64 0
5 1540 16 64 0
